(kicad_pcb (version 20171130) (host pcbnew "(5.1.0)-1")

  (general
    (thickness 1.6)
    (drawings 94)
    (tracks 4080)
    (zones 0)
    (modules 236)
    (nets 147)
  )

  (page A4)
  (layers
    (0 "F.Cu_(top)" signal)
    (1 inner_layer1 power)
    (2 inner_layer2 power)
    (3 "inner_layer3_(GND)" signal)
    (4 "inner_layer4_(Sig)" signal)
    (31 "B.Cu_(GND_bottom)" power)
    (32 B.Adhes user)
    (33 F.Adhes user)
    (34 B.Paste user)
    (35 F.Paste user)
    (36 B.SilkS user)
    (37 F.SilkS user)
    (38 B.Mask user)
    (39 F.Mask user)
    (40 Dwgs.User user)
    (41 Cmts.User user)
    (42 Eco1.User user)
    (43 Eco2.User user)
    (44 Edge.Cuts user)
    (45 Margin user)
    (46 B.CrtYd user)
    (47 F.CrtYd user)
    (48 B.Fab user)
    (49 F.Fab user hide)
  )

  (setup
    (last_trace_width 0.25)
    (user_trace_width 0.2)
    (user_trace_width 0.25)
    (user_trace_width 0.3)
    (user_trace_width 0.45)
    (user_trace_width 0.6)
    (user_trace_width 1)
    (user_trace_width 2)
    (user_trace_width 3)
    (trace_clearance 0.2)
    (zone_clearance 0.508)
    (zone_45_only yes)
    (trace_min 0.2)
    (via_size 0.6)
    (via_drill 0.4)
    (via_min_size 0.6)
    (via_min_drill 0.3)
    (user_via 0.8 0.4)
    (user_via 1 0.5)
    (user_via 10 5)
    (uvia_size 0.3)
    (uvia_drill 0.1)
    (uvias_allowed no)
    (uvia_min_size 0.2)
    (uvia_min_drill 0.1)
    (edge_width 0.2)
    (segment_width 1)
    (pcb_text_width 0.3)
    (pcb_text_size 1.5 1.5)
    (mod_edge_width 0.15)
    (mod_text_size 1 1)
    (mod_text_width 0.15)
    (pad_size 2.7 6.2)
    (pad_drill 0)
    (pad_to_mask_clearance 0.2)
    (solder_mask_min_width 0.2)
    (aux_axis_origin 14.9 12.5)
    (visible_elements 7FFFFFFF)
    (pcbplotparams
      (layerselection 0x010fc_ffffffff)
      (usegerberextensions true)
      (usegerberattributes false)
      (usegerberadvancedattributes false)
      (creategerberjobfile false)
      (excludeedgelayer true)
      (linewidth 0.100000)
      (plotframeref false)
      (viasonmask true)
      (mode 1)
      (useauxorigin true)
      (hpglpennumber 1)
      (hpglpenspeed 20)
      (hpglpendiameter 15.000000)
      (psnegative false)
      (psa4output false)
      (plotreference true)
      (plotvalue true)
      (plotinvisibletext false)
      (padsonsilk false)
      (subtractmaskfromsilk true)
      (outputformat 1)
      (mirror false)
      (drillshape 0)
      (scaleselection 1)
      (outputdirectory "Gerber/"))
  )

  (net 0 "")
  (net 1 +12VA)
  (net 2 Earth)
  (net 3 GND)
  (net 4 /MCU/SERVO)
  (net 5 "/Mosfet driver/H1_LOW")
  (net 6 "/Mosfet driver/H3_LOW")
  (net 7 "Net-(C9-Pad1)")
  (net 8 "Net-(C10-Pad2)")
  (net 9 +3V3)
  (net 10 /Filters/TEMP_IN)
  (net 11 "Net-(C17-Pad1)")
  (net 12 "Net-(C18-Pad1)")
  (net 13 "Net-(C19-Pad1)")
  (net 14 NRST)
  (net 15 "Net-(C22-Pad1)")
  (net 16 "Net-(C31-Pad1)")
  (net 17 "Net-(C32-Pad1)")
  (net 18 +5V)
  (net 19 "Net-(D2-Pad1)")
  (net 20 "Net-(D3-Pad1)")
  (net 21 "Net-(D4-Pad1)")
  (net 22 "/CAN bus transceiver/CAN_RX")
  (net 23 "/CAN bus transceiver/CAN_TX")
  (net 24 "/CAN bus transceiver/CANL")
  (net 25 "/CAN bus transceiver/CANH")
  (net 26 /MCU/BR_SO1)
  (net 27 /MCU/BR_SO2)
  (net 28 +BATT)
  (net 29 SWCLK)
  (net 30 SWDIO)
  (net 31 "Net-(Q3-Pad1)")
  (net 32 "Net-(Q4-Pad1)")
  (net 33 "Net-(Q7-Pad1)")
  (net 34 "Net-(Q8-Pad1)")
  (net 35 "Net-(Q11-Pad1)")
  (net 36 "Net-(Q12-Pad1)")
  (net 37 "Net-(P2-Pad19)")
  (net 38 /MCU/LED_GREEN)
  (net 39 /MCU/LED_RED)
  (net 40 /MCU/SENS1)
  (net 41 /MCU/SENS2)
  (net 42 /MCU/SENS3)
  (net 43 /MCU/SCK_ADC_EXT)
  (net 44 /MCU/MISO_ADC_EXT2)
  (net 45 "/Mosfet driver/H2_LOW")
  (net 46 /MCU/BR_SO3)
  (net 47 "Net-(C9-Pad2)")
  (net 48 "Net-(R2-Pad2)")
  (net 49 /USB-Isolator/DD-)
  (net 50 "Net-(R1-Pad2)")
  (net 51 /USB-Isolator/DD+)
  (net 52 /USB-Isolator/VBUS1)
  (net 53 /USB-Isolator/GND1)
  (net 54 "Net-(C68-Pad1)")
  (net 55 /USB-Isolator/UD-)
  (net 56 /USB-Isolator/UD+)
  (net 57 "Net-(R63-Pad1)")
  (net 58 "Net-(R62-Pad1)")
  (net 59 "Net-(Q1-Pad1)")
  (net 60 "Net-(Q2-Pad1)")
  (net 61 "Net-(Q5-Pad1)")
  (net 62 "Net-(Q6-Pad1)")
  (net 63 "Net-(Q9-Pad1)")
  (net 64 "Net-(Q10-Pad1)")
  (net 65 "Net-(R40-Pad1)")
  (net 66 "Net-(R41-Pad1)")
  (net 67 "Net-(R39-Pad1)")
  (net 68 /Resolver/R2)
  (net 69 "Net-(Q14-Pad2)")
  (net 70 "Net-(R43-Pad1)")
  (net 71 "/Mosfet driver/H3_out")
  (net 72 "/Mosfet driver/H1_out")
  (net 73 "Net-(R67-Pad1)")
  (net 74 "/Resolver/Buffer Circuit R2D/EXC")
  (net 75 "Net-(R68-Pad2)")
  (net 76 "Net-(Q13-Pad1)")
  (net 77 "Net-(R69-Pad2)")
  (net 78 "Net-(Q14-Pad1)")
  (net 79 "Net-(Q15-Pad1)")
  (net 80 "Net-(R73-Pad2)")
  (net 81 "/Mosfet driver/H2_out")
  (net 82 /Resolver/R1)
  (net 83 "Net-(Q16-Pad2)")
  (net 84 "/Mosfet driver/L1_out")
  (net 85 "Net-(R65-Pad1)")
  (net 86 "Net-(R66-Pad2)")
  (net 87 "/Resolver/Buffer Circuit R2D/*EXC")
  (net 88 "Net-(Q16-Pad1)")
  (net 89 "Net-(C7-Pad2)")
  (net 90 "Net-(C7-Pad1)")
  (net 91 "Net-(C6-Pad1)")
  (net 92 "Net-(C6-Pad2)")
  (net 93 "Net-(C33-Pad1)")
  (net 94 "Net-(C75-Pad1)")
  (net 95 "Net-(C76-Pad1)")
  (net 96 "/Resolver/Sin(S1)")
  (net 97 "/Resolver/SinLO(S3)")
  (net 98 "/Resolver/CosLO(S6)")
  (net 99 "/Resolver/Cos(S2)")
  (net 100 "Net-(C71-Pad1)")
  (net 101 /MCU/H3_pwm)
  (net 102 /MCU/L3_pwm)
  (net 103 /MCU/L2_pwm)
  (net 104 /MCU/H2_pwm)
  (net 105 /MCU/L1_pwm)
  (net 106 /MCU/H1_pwm)
  (net 107 "SPI1_MISO(R2D)")
  (net 108 H2_VS)
  (net 109 H3_VS)
  (net 110 H1_VS)
  (net 111 "/Mosfet driver/L3_out")
  (net 112 "/Mosfet driver/L2_out")
  (net 113 /MCU/Temp_Platine)
  (net 114 /MCU/CAN_VSS_Sense)
  (net 115 /MCU/RX_SDA_NSS)
  (net 116 /MCU/TX_SCL_MOSI)
  (net 117 /MCU/U_Bat)
  (net 118 "SPI1_MOSI(R2D)")
  (net 119 /Resolver/RD)
  (net 120 +15V)
  (net 121 GNDPWR)
  (net 122 /Resolver/*CS)
  (net 123 /Resolver/*RDvel)
  (net 124 "Net-(Q15-Pad2)")
  (net 125 "Net-(C38-Pad2)")
  (net 126 "Net-(C40-Pad2)")
  (net 127 "Net-(C37-Pad1)")
  (net 128 "Net-(Q13-Pad2)")
  (net 129 "A(enc)")
  (net 130 "B(enc)")
  (net 131 "NM(enc)")
  (net 132 "dir(enc)")
  (net 133 /Filters/HALL3_IN)
  (net 134 /Filters/HALL1_OUT)
  (net 135 /Filters/HALL1_IN)
  (net 136 /Filters/HALL2_IN)
  (net 137 /Filters/HALL2_OUT)
  (net 138 /Filters/HALL3_OUT)
  (net 139 /MCU/HALL_1)
  (net 140 /MCU/HALL_2)
  (net 141 /MCU/HALL_3)
  (net 142 "Net-(SW1-Pad2)")
  (net 143 "Net-(SW1-Pad1)")
  (net 144 "SPI1_SCK_(R2D)")
  (net 145 COS_analog_RES)
  (net 146 SIN_analog_RES)

  (net_class Default "Dies ist die voreingestellte Netzklasse."
    (clearance 0.2)
    (trace_width 0.25)
    (via_dia 0.6)
    (via_drill 0.4)
    (uvia_dia 0.3)
    (uvia_drill 0.1)
    (diff_pair_width 0.25)
    (diff_pair_gap 0.25)
    (add_net +12VA)
    (add_net +15V)
    (add_net +3V3)
    (add_net +5V)
    (add_net "/CAN bus transceiver/CANH")
    (add_net "/CAN bus transceiver/CANL")
    (add_net "/CAN bus transceiver/CAN_RX")
    (add_net "/CAN bus transceiver/CAN_TX")
    (add_net /Filters/HALL1_IN)
    (add_net /Filters/HALL1_OUT)
    (add_net /Filters/HALL2_IN)
    (add_net /Filters/HALL2_OUT)
    (add_net /Filters/HALL3_IN)
    (add_net /Filters/HALL3_OUT)
    (add_net /Filters/TEMP_IN)
    (add_net /MCU/BR_SO1)
    (add_net /MCU/BR_SO2)
    (add_net /MCU/BR_SO3)
    (add_net /MCU/CAN_VSS_Sense)
    (add_net /MCU/H1_pwm)
    (add_net /MCU/H2_pwm)
    (add_net /MCU/H3_pwm)
    (add_net /MCU/HALL_1)
    (add_net /MCU/HALL_2)
    (add_net /MCU/HALL_3)
    (add_net /MCU/L1_pwm)
    (add_net /MCU/L2_pwm)
    (add_net /MCU/L3_pwm)
    (add_net /MCU/LED_GREEN)
    (add_net /MCU/LED_RED)
    (add_net /MCU/MISO_ADC_EXT2)
    (add_net /MCU/RX_SDA_NSS)
    (add_net /MCU/SCK_ADC_EXT)
    (add_net /MCU/SENS1)
    (add_net /MCU/SENS2)
    (add_net /MCU/SENS3)
    (add_net /MCU/SERVO)
    (add_net /MCU/TX_SCL_MOSI)
    (add_net /MCU/Temp_Platine)
    (add_net /MCU/U_Bat)
    (add_net "/Mosfet driver/H1_LOW")
    (add_net "/Mosfet driver/H1_out")
    (add_net "/Mosfet driver/H2_LOW")
    (add_net "/Mosfet driver/H2_out")
    (add_net "/Mosfet driver/H3_LOW")
    (add_net "/Mosfet driver/H3_out")
    (add_net "/Mosfet driver/L1_out")
    (add_net "/Mosfet driver/L2_out")
    (add_net "/Mosfet driver/L3_out")
    (add_net /Resolver/*CS)
    (add_net /Resolver/*RDvel)
    (add_net "/Resolver/Buffer Circuit R2D/*EXC")
    (add_net "/Resolver/Buffer Circuit R2D/EXC")
    (add_net "/Resolver/Cos(S2)")
    (add_net "/Resolver/CosLO(S6)")
    (add_net /Resolver/R1)
    (add_net /Resolver/R2)
    (add_net /Resolver/RD)
    (add_net "/Resolver/Sin(S1)")
    (add_net "/Resolver/SinLO(S3)")
    (add_net /USB-Isolator/DD+)
    (add_net /USB-Isolator/DD-)
    (add_net /USB-Isolator/GND1)
    (add_net /USB-Isolator/UD+)
    (add_net /USB-Isolator/UD-)
    (add_net /USB-Isolator/VBUS1)
    (add_net "A(enc)")
    (add_net "B(enc)")
    (add_net COS_analog_RES)
    (add_net Earth)
    (add_net GND)
    (add_net GNDPWR)
    (add_net H1_VS)
    (add_net H2_VS)
    (add_net H3_VS)
    (add_net "NM(enc)")
    (add_net NRST)
    (add_net "Net-(C10-Pad2)")
    (add_net "Net-(C17-Pad1)")
    (add_net "Net-(C18-Pad1)")
    (add_net "Net-(C19-Pad1)")
    (add_net "Net-(C22-Pad1)")
    (add_net "Net-(C31-Pad1)")
    (add_net "Net-(C32-Pad1)")
    (add_net "Net-(C33-Pad1)")
    (add_net "Net-(C37-Pad1)")
    (add_net "Net-(C38-Pad2)")
    (add_net "Net-(C40-Pad2)")
    (add_net "Net-(C6-Pad1)")
    (add_net "Net-(C6-Pad2)")
    (add_net "Net-(C68-Pad1)")
    (add_net "Net-(C7-Pad1)")
    (add_net "Net-(C7-Pad2)")
    (add_net "Net-(C71-Pad1)")
    (add_net "Net-(C75-Pad1)")
    (add_net "Net-(C76-Pad1)")
    (add_net "Net-(C9-Pad1)")
    (add_net "Net-(C9-Pad2)")
    (add_net "Net-(D2-Pad1)")
    (add_net "Net-(D3-Pad1)")
    (add_net "Net-(D4-Pad1)")
    (add_net "Net-(P2-Pad19)")
    (add_net "Net-(Q1-Pad1)")
    (add_net "Net-(Q10-Pad1)")
    (add_net "Net-(Q11-Pad1)")
    (add_net "Net-(Q12-Pad1)")
    (add_net "Net-(Q13-Pad1)")
    (add_net "Net-(Q13-Pad2)")
    (add_net "Net-(Q14-Pad1)")
    (add_net "Net-(Q14-Pad2)")
    (add_net "Net-(Q15-Pad1)")
    (add_net "Net-(Q15-Pad2)")
    (add_net "Net-(Q16-Pad1)")
    (add_net "Net-(Q16-Pad2)")
    (add_net "Net-(Q2-Pad1)")
    (add_net "Net-(Q3-Pad1)")
    (add_net "Net-(Q4-Pad1)")
    (add_net "Net-(Q5-Pad1)")
    (add_net "Net-(Q6-Pad1)")
    (add_net "Net-(Q7-Pad1)")
    (add_net "Net-(Q8-Pad1)")
    (add_net "Net-(Q9-Pad1)")
    (add_net "Net-(R1-Pad2)")
    (add_net "Net-(R2-Pad2)")
    (add_net "Net-(R39-Pad1)")
    (add_net "Net-(R40-Pad1)")
    (add_net "Net-(R41-Pad1)")
    (add_net "Net-(R43-Pad1)")
    (add_net "Net-(R62-Pad1)")
    (add_net "Net-(R63-Pad1)")
    (add_net "Net-(R65-Pad1)")
    (add_net "Net-(R66-Pad2)")
    (add_net "Net-(R67-Pad1)")
    (add_net "Net-(R68-Pad2)")
    (add_net "Net-(R69-Pad2)")
    (add_net "Net-(R73-Pad2)")
    (add_net "Net-(SW1-Pad1)")
    (add_net "Net-(SW1-Pad2)")
    (add_net "Net-(U1-Pad2)")
    (add_net SIN_analog_RES)
    (add_net "SPI1_MISO(R2D)")
    (add_net "SPI1_MOSI(R2D)")
    (add_net "SPI1_SCK_(R2D)")
    (add_net SWCLK)
    (add_net SWDIO)
    (add_net "dir(enc)")
  )

  (net_class HV ""
    (clearance 2)
    (trace_width 3)
    (via_dia 1)
    (via_drill 0.6)
    (uvia_dia 0.3)
    (uvia_drill 0.1)
    (diff_pair_width 0.25)
    (diff_pair_gap 0.25)
    (add_net +BATT)
  )

  (module Connector_USB:USB_B_TE_5787834_Vertical (layer "F.Cu_(top)") (tedit 5A23F084) (tstamp 5CC24D6A)
    (at 231.45 159.82 270)
    (descr http://www.mouser.com/ds/2/418/NG_CD_5787834_A4-669110.pdf)
    (tags "USB_B USB B vertical female connector")
    (path /5899E24E)
    (fp_text reference P1 (at -5.8 -4.55 270) (layer F.SilkS)
      (effects (font (size 1 1) (thickness 0.15)))
    )
    (fp_text value USB_B (at -1.25 10.25 270) (layer F.Fab)
      (effects (font (size 1 1) (thickness 0.15)))
    )
    (fp_text user %R (at -1.2 6.4 270) (layer F.Fab)
      (effects (font (size 1 1) (thickness 0.15)))
    )
    (fp_line (start -8.3 1) (end -8.3 -3.8) (layer F.SilkS) (width 0.12))
    (fp_line (start -8.3 9.3) (end -8.3 4.5) (layer F.SilkS) (width 0.12))
    (fp_line (start 5.8 9.3) (end -8.3 9.3) (layer F.SilkS) (width 0.12))
    (fp_line (start 5.8 4.5) (end 5.8 9.3) (layer F.SilkS) (width 0.12))
    (fp_line (start 5.8 -3.8) (end 5.8 1) (layer F.SilkS) (width 0.12))
    (fp_line (start -8.3 -3.8) (end 5.8 -3.8) (layer F.SilkS) (width 0.12))
    (fp_line (start -0.5 -4.5) (end 0 -4) (layer F.SilkS) (width 0.12))
    (fp_line (start 0.5 -4.5) (end -0.5 -4.5) (layer F.SilkS) (width 0.12))
    (fp_line (start 0 -4) (end 0.5 -4.5) (layer F.SilkS) (width 0.12))
    (fp_line (start 5 -3.75) (end 5.75 -3) (layer F.Fab) (width 0.1))
    (fp_line (start -8.25 -3.75) (end 5 -3.75) (layer F.Fab) (width 0.1))
    (fp_line (start 5.75 -3) (end 5.75 9.25) (layer F.Fab) (width 0.1))
    (fp_line (start 5.75 9.25) (end -8.25 9.25) (layer F.Fab) (width 0.1))
    (fp_line (start -8.25 9.25) (end -8.25 -3.75) (layer F.Fab) (width 0.1))
    (fp_line (start -9 -4) (end 6.5 -4) (layer F.CrtYd) (width 0.05))
    (fp_line (start -9 -4) (end -9 9.5) (layer F.CrtYd) (width 0.05))
    (fp_line (start 6.5 9.5) (end 6.5 -4) (layer F.CrtYd) (width 0.05))
    (fp_line (start 6.5 9.5) (end -9 9.5) (layer F.CrtYd) (width 0.05))
    (pad 5 thru_hole circle (at 4.77 2.71 270) (size 3 3) (drill 2.3) (layers *.Cu *.Mask)
      (net 53 /USB-Isolator/GND1))
    (pad 4 thru_hole circle (at 0 3.2 270) (size 1.4 1.4) (drill 0.92) (layers *.Cu *.Mask)
      (net 53 /USB-Isolator/GND1))
    (pad 3 thru_hole circle (at -2.5 3.2 270) (size 1.4 1.4) (drill 0.92) (layers *.Cu *.Mask)
      (net 56 /USB-Isolator/UD+))
    (pad 1 thru_hole rect (at 0 0 270) (size 1.4 1.4) (drill 0.92) (layers *.Cu *.Mask)
      (net 52 /USB-Isolator/VBUS1))
    (pad 5 thru_hole circle (at -7.27 2.71 270) (size 3 3) (drill 2.3) (layers *.Cu *.Mask)
      (net 53 /USB-Isolator/GND1))
    (pad 2 thru_hole circle (at -2.5 0 270) (size 1.4 1.4) (drill 0.92) (layers *.Cu *.Mask)
      (net 55 /USB-Isolator/UD-))
    (model ${KISYS3DMOD}/Connector_USB.3dshapes/USB_B_TE_5787834_Vertical.wrl
      (at (xyz 0 0 0))
      (scale (xyz 1 1 1))
      (rotate (xyz 0 0 0))
    )
  )

  (module alexmod:CSS3920 (layer "B.Cu_(GND_bottom)") (tedit 5CC24210) (tstamp 5CD539A1)
    (at 230.4 86 90)
    (path /5895E6A0/5C64ABCA)
    (fp_text reference R45 (at 0 5.25 90) (layer B.SilkS)
      (effects (font (size 1 1) (thickness 0.15)) (justify mirror))
    )
    (fp_text value CSS2H-3920R-L500 (at 0.25 0) (layer B.Fab)
      (effects (font (size 1 1) (thickness 0.15)) (justify mirror))
    )
    (fp_line (start -6.25 -3.75) (end -6.25 3.75) (layer B.SilkS) (width 0.15))
    (fp_line (start 6.25 -3.75) (end -6.25 -3.75) (layer B.SilkS) (width 0.15))
    (fp_line (start 6.25 3.75) (end 6.25 -3.75) (layer B.SilkS) (width 0.15))
    (fp_line (start -6.25 3.75) (end 6.25 3.75) (layer B.SilkS) (width 0.15))
    (pad 1 smd rect (at -4.15 0 90) (size 2.7 6.2) (layers "B.Cu_(GND_bottom)" B.Mask)
      (net 121 GNDPWR))
    (pad 2 smd rect (at 4.15 0 90) (size 2.7 6.2) (layers "B.Cu_(GND_bottom)" B.Mask)
      (net 5 "/Mosfet driver/H1_LOW"))
  )

  (module Capacitor_SMD:C_0805_2012Metric (layer "F.Cu_(top)") (tedit 5B36C52B) (tstamp 5CCE9502)
    (at 75 161 90)
    (descr "Capacitor SMD 0805 (2012 Metric), square (rectangular) end terminal, IPC_7351 nominal, (Body size source: https://docs.google.com/spreadsheets/d/1BsfQQcO9C6DZCsRaXUlFlo91Tg2WpOkGARC1WS5S8t0/edit?usp=sharing), generated with kicad-footprint-generator")
    (tags capacitor)
    (path /5C9D0FFC/5CCBD752)
    (attr smd)
    (fp_text reference C80 (at 0 -1.65 90) (layer F.SilkS)
      (effects (font (size 1 1) (thickness 0.15)))
    )
    (fp_text value 10nF (at 0 1.65 90) (layer F.Fab)
      (effects (font (size 1 1) (thickness 0.15)))
    )
    (fp_line (start -1 0.6) (end -1 -0.6) (layer F.Fab) (width 0.1))
    (fp_line (start -1 -0.6) (end 1 -0.6) (layer F.Fab) (width 0.1))
    (fp_line (start 1 -0.6) (end 1 0.6) (layer F.Fab) (width 0.1))
    (fp_line (start 1 0.6) (end -1 0.6) (layer F.Fab) (width 0.1))
    (fp_line (start -0.258578 -0.71) (end 0.258578 -0.71) (layer F.SilkS) (width 0.12))
    (fp_line (start -0.258578 0.71) (end 0.258578 0.71) (layer F.SilkS) (width 0.12))
    (fp_line (start -1.68 0.95) (end -1.68 -0.95) (layer F.CrtYd) (width 0.05))
    (fp_line (start -1.68 -0.95) (end 1.68 -0.95) (layer F.CrtYd) (width 0.05))
    (fp_line (start 1.68 -0.95) (end 1.68 0.95) (layer F.CrtYd) (width 0.05))
    (fp_line (start 1.68 0.95) (end -1.68 0.95) (layer F.CrtYd) (width 0.05))
    (fp_text user %R (at 0 0 90) (layer F.Fab)
      (effects (font (size 0.5 0.5) (thickness 0.08)))
    )
    (pad 1 smd roundrect (at -0.9375 0 90) (size 0.975 1.4) (layers "F.Cu_(top)" F.Paste F.Mask) (roundrect_rratio 0.25)
      (net 97 "/Resolver/SinLO(S3)"))
    (pad 2 smd roundrect (at 0.9375 0 90) (size 0.975 1.4) (layers "F.Cu_(top)" F.Paste F.Mask) (roundrect_rratio 0.25)
      (net 146 SIN_analog_RES))
    (model ${KISYS3DMOD}/Capacitor_SMD.3dshapes/C_0805_2012Metric.wrl
      (at (xyz 0 0 0))
      (scale (xyz 1 1 1))
      (rotate (xyz 0 0 0))
    )
  )

  (module Resistor_SMD:R_0805_2012Metric (layer "F.Cu_(top)") (tedit 5B36C52B) (tstamp 5CCE6FA1)
    (at 77 161 270)
    (descr "Resistor SMD 0805 (2012 Metric), square (rectangular) end terminal, IPC_7351 nominal, (Body size source: https://docs.google.com/spreadsheets/d/1BsfQQcO9C6DZCsRaXUlFlo91Tg2WpOkGARC1WS5S8t0/edit?usp=sharing), generated with kicad-footprint-generator")
    (tags resistor)
    (path /5C9D0FFC/5CC52EAB)
    (attr smd)
    (fp_text reference R51 (at -3.1 0.1 270) (layer F.SilkS)
      (effects (font (size 1 1) (thickness 0.15)))
    )
    (fp_text value 50k (at 0 1.65 270) (layer F.Fab)
      (effects (font (size 1 1) (thickness 0.15)))
    )
    (fp_text user %R (at 0 0 270) (layer F.Fab)
      (effects (font (size 0.5 0.5) (thickness 0.08)))
    )
    (fp_line (start 1.68 0.95) (end -1.68 0.95) (layer F.CrtYd) (width 0.05))
    (fp_line (start 1.68 -0.95) (end 1.68 0.95) (layer F.CrtYd) (width 0.05))
    (fp_line (start -1.68 -0.95) (end 1.68 -0.95) (layer F.CrtYd) (width 0.05))
    (fp_line (start -1.68 0.95) (end -1.68 -0.95) (layer F.CrtYd) (width 0.05))
    (fp_line (start -0.258578 0.71) (end 0.258578 0.71) (layer F.SilkS) (width 0.12))
    (fp_line (start -0.258578 -0.71) (end 0.258578 -0.71) (layer F.SilkS) (width 0.12))
    (fp_line (start 1 0.6) (end -1 0.6) (layer F.Fab) (width 0.1))
    (fp_line (start 1 -0.6) (end 1 0.6) (layer F.Fab) (width 0.1))
    (fp_line (start -1 -0.6) (end 1 -0.6) (layer F.Fab) (width 0.1))
    (fp_line (start -1 0.6) (end -1 -0.6) (layer F.Fab) (width 0.1))
    (pad 2 smd roundrect (at 0.9375 0 270) (size 0.975 1.4) (layers "F.Cu_(top)" F.Paste F.Mask) (roundrect_rratio 0.25)
      (net 97 "/Resolver/SinLO(S3)"))
    (pad 1 smd roundrect (at -0.9375 0 270) (size 0.975 1.4) (layers "F.Cu_(top)" F.Paste F.Mask) (roundrect_rratio 0.25)
      (net 18 +5V))
    (model ${KISYS3DMOD}/Resistor_SMD.3dshapes/R_0805_2012Metric.wrl
      (at (xyz 0 0 0))
      (scale (xyz 1 1 1))
      (rotate (xyz 0 0 0))
    )
  )

  (module Resistor_SMD:R_0805_2012Metric (layer "F.Cu_(top)") (tedit 5B36C52B) (tstamp 5CCE6E40)
    (at 77 164.4625 270)
    (descr "Resistor SMD 0805 (2012 Metric), square (rectangular) end terminal, IPC_7351 nominal, (Body size source: https://docs.google.com/spreadsheets/d/1BsfQQcO9C6DZCsRaXUlFlo91Tg2WpOkGARC1WS5S8t0/edit?usp=sharing), generated with kicad-footprint-generator")
    (tags resistor)
    (path /5C9D0FFC/5CC4AED2)
    (attr smd)
    (fp_text reference R52 (at 0.2375 1.8 270) (layer F.SilkS)
      (effects (font (size 1 1) (thickness 0.15)))
    )
    (fp_text value 50k (at 0 1.65 270) (layer F.Fab)
      (effects (font (size 1 1) (thickness 0.15)))
    )
    (fp_line (start -1 0.6) (end -1 -0.6) (layer F.Fab) (width 0.1))
    (fp_line (start -1 -0.6) (end 1 -0.6) (layer F.Fab) (width 0.1))
    (fp_line (start 1 -0.6) (end 1 0.6) (layer F.Fab) (width 0.1))
    (fp_line (start 1 0.6) (end -1 0.6) (layer F.Fab) (width 0.1))
    (fp_line (start -0.258578 -0.71) (end 0.258578 -0.71) (layer F.SilkS) (width 0.12))
    (fp_line (start -0.258578 0.71) (end 0.258578 0.71) (layer F.SilkS) (width 0.12))
    (fp_line (start -1.68 0.95) (end -1.68 -0.95) (layer F.CrtYd) (width 0.05))
    (fp_line (start -1.68 -0.95) (end 1.68 -0.95) (layer F.CrtYd) (width 0.05))
    (fp_line (start 1.68 -0.95) (end 1.68 0.95) (layer F.CrtYd) (width 0.05))
    (fp_line (start 1.68 0.95) (end -1.68 0.95) (layer F.CrtYd) (width 0.05))
    (fp_text user %R (at 0 0 270) (layer F.Fab)
      (effects (font (size 0.5 0.5) (thickness 0.08)))
    )
    (pad 1 smd roundrect (at -0.9375 0 270) (size 0.975 1.4) (layers "F.Cu_(top)" F.Paste F.Mask) (roundrect_rratio 0.25)
      (net 97 "/Resolver/SinLO(S3)"))
    (pad 2 smd roundrect (at 0.9375 0 270) (size 0.975 1.4) (layers "F.Cu_(top)" F.Paste F.Mask) (roundrect_rratio 0.25)
      (net 3 GND))
    (model ${KISYS3DMOD}/Resistor_SMD.3dshapes/R_0805_2012Metric.wrl
      (at (xyz 0 0 0))
      (scale (xyz 1 1 1))
      (rotate (xyz 0 0 0))
    )
  )

  (module Resistor_SMD:R_0805_2012Metric (layer "F.Cu_(top)") (tedit 5B36C52B) (tstamp 5CCE6CCF)
    (at 79 161 270)
    (descr "Resistor SMD 0805 (2012 Metric), square (rectangular) end terminal, IPC_7351 nominal, (Body size source: https://docs.google.com/spreadsheets/d/1BsfQQcO9C6DZCsRaXUlFlo91Tg2WpOkGARC1WS5S8t0/edit?usp=sharing), generated with kicad-footprint-generator")
    (tags resistor)
    (path /5C9D0FFC/5CC5040F)
    (attr smd)
    (fp_text reference R59 (at 0 -1.65 270) (layer F.SilkS)
      (effects (font (size 1 1) (thickness 0.15)))
    )
    (fp_text value 50k (at 0 1.65 270) (layer F.Fab)
      (effects (font (size 1 1) (thickness 0.15)))
    )
    (fp_text user %R (at 0 0 270) (layer F.Fab)
      (effects (font (size 0.5 0.5) (thickness 0.08)))
    )
    (fp_line (start 1.68 0.95) (end -1.68 0.95) (layer F.CrtYd) (width 0.05))
    (fp_line (start 1.68 -0.95) (end 1.68 0.95) (layer F.CrtYd) (width 0.05))
    (fp_line (start -1.68 -0.95) (end 1.68 -0.95) (layer F.CrtYd) (width 0.05))
    (fp_line (start -1.68 0.95) (end -1.68 -0.95) (layer F.CrtYd) (width 0.05))
    (fp_line (start -0.258578 0.71) (end 0.258578 0.71) (layer F.SilkS) (width 0.12))
    (fp_line (start -0.258578 -0.71) (end 0.258578 -0.71) (layer F.SilkS) (width 0.12))
    (fp_line (start 1 0.6) (end -1 0.6) (layer F.Fab) (width 0.1))
    (fp_line (start 1 -0.6) (end 1 0.6) (layer F.Fab) (width 0.1))
    (fp_line (start -1 -0.6) (end 1 -0.6) (layer F.Fab) (width 0.1))
    (fp_line (start -1 0.6) (end -1 -0.6) (layer F.Fab) (width 0.1))
    (pad 2 smd roundrect (at 0.9375 0 270) (size 0.975 1.4) (layers "F.Cu_(top)" F.Paste F.Mask) (roundrect_rratio 0.25)
      (net 96 "/Resolver/Sin(S1)"))
    (pad 1 smd roundrect (at -0.9375 0 270) (size 0.975 1.4) (layers "F.Cu_(top)" F.Paste F.Mask) (roundrect_rratio 0.25)
      (net 18 +5V))
    (model ${KISYS3DMOD}/Resistor_SMD.3dshapes/R_0805_2012Metric.wrl
      (at (xyz 0 0 0))
      (scale (xyz 1 1 1))
      (rotate (xyz 0 0 0))
    )
  )

  (module Resistor_SMD:R_0805_2012Metric (layer "F.Cu_(top)") (tedit 5B36C52B) (tstamp 5CCE6A1E)
    (at 79 164.4625 270)
    (descr "Resistor SMD 0805 (2012 Metric), square (rectangular) end terminal, IPC_7351 nominal, (Body size source: https://docs.google.com/spreadsheets/d/1BsfQQcO9C6DZCsRaXUlFlo91Tg2WpOkGARC1WS5S8t0/edit?usp=sharing), generated with kicad-footprint-generator")
    (tags resistor)
    (path /5C9D0FFC/5CC4D970)
    (attr smd)
    (fp_text reference R60 (at 0.1375 -1.6 270) (layer F.SilkS)
      (effects (font (size 1 1) (thickness 0.15)))
    )
    (fp_text value 50k (at 0 1.65 270) (layer F.Fab)
      (effects (font (size 1 1) (thickness 0.15)))
    )
    (fp_line (start -1 0.6) (end -1 -0.6) (layer F.Fab) (width 0.1))
    (fp_line (start -1 -0.6) (end 1 -0.6) (layer F.Fab) (width 0.1))
    (fp_line (start 1 -0.6) (end 1 0.6) (layer F.Fab) (width 0.1))
    (fp_line (start 1 0.6) (end -1 0.6) (layer F.Fab) (width 0.1))
    (fp_line (start -0.258578 -0.71) (end 0.258578 -0.71) (layer F.SilkS) (width 0.12))
    (fp_line (start -0.258578 0.71) (end 0.258578 0.71) (layer F.SilkS) (width 0.12))
    (fp_line (start -1.68 0.95) (end -1.68 -0.95) (layer F.CrtYd) (width 0.05))
    (fp_line (start -1.68 -0.95) (end 1.68 -0.95) (layer F.CrtYd) (width 0.05))
    (fp_line (start 1.68 -0.95) (end 1.68 0.95) (layer F.CrtYd) (width 0.05))
    (fp_line (start 1.68 0.95) (end -1.68 0.95) (layer F.CrtYd) (width 0.05))
    (fp_text user %R (at 0 0 270) (layer F.Fab)
      (effects (font (size 0.5 0.5) (thickness 0.08)))
    )
    (pad 1 smd roundrect (at -0.9375 0 270) (size 0.975 1.4) (layers "F.Cu_(top)" F.Paste F.Mask) (roundrect_rratio 0.25)
      (net 96 "/Resolver/Sin(S1)"))
    (pad 2 smd roundrect (at 0.9375 0 270) (size 0.975 1.4) (layers "F.Cu_(top)" F.Paste F.Mask) (roundrect_rratio 0.25)
      (net 3 GND))
    (model ${KISYS3DMOD}/Resistor_SMD.3dshapes/R_0805_2012Metric.wrl
      (at (xyz 0 0 0))
      (scale (xyz 1 1 1))
      (rotate (xyz 0 0 0))
    )
  )

  (module Capacitor_SMD:C_0805_2012Metric (layer "F.Cu_(top)") (tedit 5B36C52B) (tstamp 5CCFC3B9)
    (at 105.4 161.0625 90)
    (descr "Capacitor SMD 0805 (2012 Metric), square (rectangular) end terminal, IPC_7351 nominal, (Body size source: https://docs.google.com/spreadsheets/d/1BsfQQcO9C6DZCsRaXUlFlo91Tg2WpOkGARC1WS5S8t0/edit?usp=sharing), generated with kicad-footprint-generator")
    (tags capacitor)
    (path /5C9D0FFC/5CCC3DAB)
    (attr smd)
    (fp_text reference C79 (at 0 -1.65 90) (layer F.SilkS)
      (effects (font (size 1 1) (thickness 0.15)))
    )
    (fp_text value 10nF (at 0 1.65 90) (layer F.Fab)
      (effects (font (size 1 1) (thickness 0.15)))
    )
    (fp_line (start -1 0.6) (end -1 -0.6) (layer F.Fab) (width 0.1))
    (fp_line (start -1 -0.6) (end 1 -0.6) (layer F.Fab) (width 0.1))
    (fp_line (start 1 -0.6) (end 1 0.6) (layer F.Fab) (width 0.1))
    (fp_line (start 1 0.6) (end -1 0.6) (layer F.Fab) (width 0.1))
    (fp_line (start -0.258578 -0.71) (end 0.258578 -0.71) (layer F.SilkS) (width 0.12))
    (fp_line (start -0.258578 0.71) (end 0.258578 0.71) (layer F.SilkS) (width 0.12))
    (fp_line (start -1.68 0.95) (end -1.68 -0.95) (layer F.CrtYd) (width 0.05))
    (fp_line (start -1.68 -0.95) (end 1.68 -0.95) (layer F.CrtYd) (width 0.05))
    (fp_line (start 1.68 -0.95) (end 1.68 0.95) (layer F.CrtYd) (width 0.05))
    (fp_line (start 1.68 0.95) (end -1.68 0.95) (layer F.CrtYd) (width 0.05))
    (fp_text user %R (at 0 0 90) (layer F.Fab)
      (effects (font (size 0.5 0.5) (thickness 0.08)))
    )
    (pad 1 smd roundrect (at -0.9375 0 90) (size 0.975 1.4) (layers "F.Cu_(top)" F.Paste F.Mask) (roundrect_rratio 0.25)
      (net 99 "/Resolver/Cos(S2)"))
    (pad 2 smd roundrect (at 0.9375 0 90) (size 0.975 1.4) (layers "F.Cu_(top)" F.Paste F.Mask) (roundrect_rratio 0.25)
      (net 145 COS_analog_RES))
    (model ${KISYS3DMOD}/Capacitor_SMD.3dshapes/C_0805_2012Metric.wrl
      (at (xyz 0 0 0))
      (scale (xyz 1 1 1))
      (rotate (xyz 0 0 0))
    )
  )

  (module Resistor_SMD:R_0805_2012Metric (layer "F.Cu_(top)") (tedit 5B36C52B) (tstamp 5CCE3365)
    (at 110 164.5625 270)
    (descr "Resistor SMD 0805 (2012 Metric), square (rectangular) end terminal, IPC_7351 nominal, (Body size source: https://docs.google.com/spreadsheets/d/1BsfQQcO9C6DZCsRaXUlFlo91Tg2WpOkGARC1WS5S8t0/edit?usp=sharing), generated with kicad-footprint-generator")
    (tags resistor)
    (path /5C9D0FFC/5CCC3D78)
    (attr smd)
    (fp_text reference R50 (at 0 -1.65 270) (layer F.SilkS)
      (effects (font (size 1 1) (thickness 0.15)))
    )
    (fp_text value 50k (at 0 1.65 270) (layer F.Fab)
      (effects (font (size 1 1) (thickness 0.15)))
    )
    (fp_line (start -1 0.6) (end -1 -0.6) (layer F.Fab) (width 0.1))
    (fp_line (start -1 -0.6) (end 1 -0.6) (layer F.Fab) (width 0.1))
    (fp_line (start 1 -0.6) (end 1 0.6) (layer F.Fab) (width 0.1))
    (fp_line (start 1 0.6) (end -1 0.6) (layer F.Fab) (width 0.1))
    (fp_line (start -0.258578 -0.71) (end 0.258578 -0.71) (layer F.SilkS) (width 0.12))
    (fp_line (start -0.258578 0.71) (end 0.258578 0.71) (layer F.SilkS) (width 0.12))
    (fp_line (start -1.68 0.95) (end -1.68 -0.95) (layer F.CrtYd) (width 0.05))
    (fp_line (start -1.68 -0.95) (end 1.68 -0.95) (layer F.CrtYd) (width 0.05))
    (fp_line (start 1.68 -0.95) (end 1.68 0.95) (layer F.CrtYd) (width 0.05))
    (fp_line (start 1.68 0.95) (end -1.68 0.95) (layer F.CrtYd) (width 0.05))
    (fp_text user %R (at 0 0 270) (layer F.Fab)
      (effects (font (size 0.5 0.5) (thickness 0.08)))
    )
    (pad 1 smd roundrect (at -0.9375 0 270) (size 0.975 1.4) (layers "F.Cu_(top)" F.Paste F.Mask) (roundrect_rratio 0.25)
      (net 98 "/Resolver/CosLO(S6)"))
    (pad 2 smd roundrect (at 0.9375 0 270) (size 0.975 1.4) (layers "F.Cu_(top)" F.Paste F.Mask) (roundrect_rratio 0.25)
      (net 3 GND))
    (model ${KISYS3DMOD}/Resistor_SMD.3dshapes/R_0805_2012Metric.wrl
      (at (xyz 0 0 0))
      (scale (xyz 1 1 1))
      (rotate (xyz 0 0 0))
    )
  )

  (module Resistor_SMD:R_0805_2012Metric (layer "F.Cu_(top)") (tedit 5B36C52B) (tstamp 5CCE3354)
    (at 110 161.0625 270)
    (descr "Resistor SMD 0805 (2012 Metric), square (rectangular) end terminal, IPC_7351 nominal, (Body size source: https://docs.google.com/spreadsheets/d/1BsfQQcO9C6DZCsRaXUlFlo91Tg2WpOkGARC1WS5S8t0/edit?usp=sharing), generated with kicad-footprint-generator")
    (tags resistor)
    (path /5C9D0FFC/5CCC3D7F)
    (attr smd)
    (fp_text reference R49 (at 0 -1.65 270) (layer F.SilkS)
      (effects (font (size 1 1) (thickness 0.15)))
    )
    (fp_text value 50k (at 0 1.65 270) (layer F.Fab)
      (effects (font (size 1 1) (thickness 0.15)))
    )
    (fp_line (start -1 0.6) (end -1 -0.6) (layer F.Fab) (width 0.1))
    (fp_line (start -1 -0.6) (end 1 -0.6) (layer F.Fab) (width 0.1))
    (fp_line (start 1 -0.6) (end 1 0.6) (layer F.Fab) (width 0.1))
    (fp_line (start 1 0.6) (end -1 0.6) (layer F.Fab) (width 0.1))
    (fp_line (start -0.258578 -0.71) (end 0.258578 -0.71) (layer F.SilkS) (width 0.12))
    (fp_line (start -0.258578 0.71) (end 0.258578 0.71) (layer F.SilkS) (width 0.12))
    (fp_line (start -1.68 0.95) (end -1.68 -0.95) (layer F.CrtYd) (width 0.05))
    (fp_line (start -1.68 -0.95) (end 1.68 -0.95) (layer F.CrtYd) (width 0.05))
    (fp_line (start 1.68 -0.95) (end 1.68 0.95) (layer F.CrtYd) (width 0.05))
    (fp_line (start 1.68 0.95) (end -1.68 0.95) (layer F.CrtYd) (width 0.05))
    (fp_text user %R (at 0 0 270) (layer F.Fab)
      (effects (font (size 0.5 0.5) (thickness 0.08)))
    )
    (pad 1 smd roundrect (at -0.9375 0 270) (size 0.975 1.4) (layers "F.Cu_(top)" F.Paste F.Mask) (roundrect_rratio 0.25)
      (net 18 +5V))
    (pad 2 smd roundrect (at 0.9375 0 270) (size 0.975 1.4) (layers "F.Cu_(top)" F.Paste F.Mask) (roundrect_rratio 0.25)
      (net 98 "/Resolver/CosLO(S6)"))
    (model ${KISYS3DMOD}/Resistor_SMD.3dshapes/R_0805_2012Metric.wrl
      (at (xyz 0 0 0))
      (scale (xyz 1 1 1))
      (rotate (xyz 0 0 0))
    )
  )

  (module Resistor_SMD:R_0805_2012Metric (layer "F.Cu_(top)") (tedit 5B36C52B) (tstamp 5CCE3343)
    (at 108 161.0625 270)
    (descr "Resistor SMD 0805 (2012 Metric), square (rectangular) end terminal, IPC_7351 nominal, (Body size source: https://docs.google.com/spreadsheets/d/1BsfQQcO9C6DZCsRaXUlFlo91Tg2WpOkGARC1WS5S8t0/edit?usp=sharing), generated with kicad-footprint-generator")
    (tags resistor)
    (path /5C9D0FFC/5CCC3D86)
    (attr smd)
    (fp_text reference R46 (at -2.5625 2.4) (layer F.SilkS)
      (effects (font (size 1 1) (thickness 0.15)))
    )
    (fp_text value 50k (at 0 1.65 270) (layer F.Fab)
      (effects (font (size 1 1) (thickness 0.15)))
    )
    (fp_text user %R (at 0 0 270) (layer F.Fab)
      (effects (font (size 0.5 0.5) (thickness 0.08)))
    )
    (fp_line (start 1.68 0.95) (end -1.68 0.95) (layer F.CrtYd) (width 0.05))
    (fp_line (start 1.68 -0.95) (end 1.68 0.95) (layer F.CrtYd) (width 0.05))
    (fp_line (start -1.68 -0.95) (end 1.68 -0.95) (layer F.CrtYd) (width 0.05))
    (fp_line (start -1.68 0.95) (end -1.68 -0.95) (layer F.CrtYd) (width 0.05))
    (fp_line (start -0.258578 0.71) (end 0.258578 0.71) (layer F.SilkS) (width 0.12))
    (fp_line (start -0.258578 -0.71) (end 0.258578 -0.71) (layer F.SilkS) (width 0.12))
    (fp_line (start 1 0.6) (end -1 0.6) (layer F.Fab) (width 0.1))
    (fp_line (start 1 -0.6) (end 1 0.6) (layer F.Fab) (width 0.1))
    (fp_line (start -1 -0.6) (end 1 -0.6) (layer F.Fab) (width 0.1))
    (fp_line (start -1 0.6) (end -1 -0.6) (layer F.Fab) (width 0.1))
    (pad 2 smd roundrect (at 0.9375 0 270) (size 0.975 1.4) (layers "F.Cu_(top)" F.Paste F.Mask) (roundrect_rratio 0.25)
      (net 99 "/Resolver/Cos(S2)"))
    (pad 1 smd roundrect (at -0.9375 0 270) (size 0.975 1.4) (layers "F.Cu_(top)" F.Paste F.Mask) (roundrect_rratio 0.25)
      (net 18 +5V))
    (model ${KISYS3DMOD}/Resistor_SMD.3dshapes/R_0805_2012Metric.wrl
      (at (xyz 0 0 0))
      (scale (xyz 1 1 1))
      (rotate (xyz 0 0 0))
    )
  )

  (module Resistor_SMD:R_0805_2012Metric (layer "F.Cu_(top)") (tedit 5B36C52B) (tstamp 5CCE5D34)
    (at 108 164.5625 270)
    (descr "Resistor SMD 0805 (2012 Metric), square (rectangular) end terminal, IPC_7351 nominal, (Body size source: https://docs.google.com/spreadsheets/d/1BsfQQcO9C6DZCsRaXUlFlo91Tg2WpOkGARC1WS5S8t0/edit?usp=sharing), generated with kicad-footprint-generator")
    (tags resistor)
    (path /5C9D0FFC/5CCC3D71)
    (attr smd)
    (fp_text reference R25 (at -0.0125 1.6 270) (layer F.SilkS)
      (effects (font (size 1 1) (thickness 0.15)))
    )
    (fp_text value 50k (at 0 1.65 270) (layer F.Fab)
      (effects (font (size 1 1) (thickness 0.15)))
    )
    (fp_text user %R (at 0 0 270) (layer F.Fab)
      (effects (font (size 0.5 0.5) (thickness 0.08)))
    )
    (fp_line (start 1.68 0.95) (end -1.68 0.95) (layer F.CrtYd) (width 0.05))
    (fp_line (start 1.68 -0.95) (end 1.68 0.95) (layer F.CrtYd) (width 0.05))
    (fp_line (start -1.68 -0.95) (end 1.68 -0.95) (layer F.CrtYd) (width 0.05))
    (fp_line (start -1.68 0.95) (end -1.68 -0.95) (layer F.CrtYd) (width 0.05))
    (fp_line (start -0.258578 0.71) (end 0.258578 0.71) (layer F.SilkS) (width 0.12))
    (fp_line (start -0.258578 -0.71) (end 0.258578 -0.71) (layer F.SilkS) (width 0.12))
    (fp_line (start 1 0.6) (end -1 0.6) (layer F.Fab) (width 0.1))
    (fp_line (start 1 -0.6) (end 1 0.6) (layer F.Fab) (width 0.1))
    (fp_line (start -1 -0.6) (end 1 -0.6) (layer F.Fab) (width 0.1))
    (fp_line (start -1 0.6) (end -1 -0.6) (layer F.Fab) (width 0.1))
    (pad 2 smd roundrect (at 0.9375 0 270) (size 0.975 1.4) (layers "F.Cu_(top)" F.Paste F.Mask) (roundrect_rratio 0.25)
      (net 3 GND))
    (pad 1 smd roundrect (at -0.9375 0 270) (size 0.975 1.4) (layers "F.Cu_(top)" F.Paste F.Mask) (roundrect_rratio 0.25)
      (net 99 "/Resolver/Cos(S2)"))
    (model ${KISYS3DMOD}/Resistor_SMD.3dshapes/R_0805_2012Metric.wrl
      (at (xyz 0 0 0))
      (scale (xyz 1 1 1))
      (rotate (xyz 0 0 0))
    )
  )

  (module Resistor_SMD:R_0805_2012Metric (layer "F.Cu_(top)") (tedit 5B36C52B) (tstamp 5CCD3602)
    (at 85 157.9)
    (descr "Resistor SMD 0805 (2012 Metric), square (rectangular) end terminal, IPC_7351 nominal, (Body size source: https://docs.google.com/spreadsheets/d/1BsfQQcO9C6DZCsRaXUlFlo91Tg2WpOkGARC1WS5S8t0/edit?usp=sharing), generated with kicad-footprint-generator")
    (tags resistor)
    (path /5C9D0FFC/5CC156E1)
    (attr smd)
    (fp_text reference R19 (at -1 -2.3 90) (layer F.SilkS)
      (effects (font (size 1 1) (thickness 0.15)))
    )
    (fp_text value 68k (at 0 1.65) (layer F.Fab)
      (effects (font (size 1 1) (thickness 0.15)))
    )
    (fp_text user %R (at 0 0) (layer F.Fab)
      (effects (font (size 0.5 0.5) (thickness 0.08)))
    )
    (fp_line (start 1.68 0.95) (end -1.68 0.95) (layer F.CrtYd) (width 0.05))
    (fp_line (start 1.68 -0.95) (end 1.68 0.95) (layer F.CrtYd) (width 0.05))
    (fp_line (start -1.68 -0.95) (end 1.68 -0.95) (layer F.CrtYd) (width 0.05))
    (fp_line (start -1.68 0.95) (end -1.68 -0.95) (layer F.CrtYd) (width 0.05))
    (fp_line (start -0.258578 0.71) (end 0.258578 0.71) (layer F.SilkS) (width 0.12))
    (fp_line (start -0.258578 -0.71) (end 0.258578 -0.71) (layer F.SilkS) (width 0.12))
    (fp_line (start 1 0.6) (end -1 0.6) (layer F.Fab) (width 0.1))
    (fp_line (start 1 -0.6) (end 1 0.6) (layer F.Fab) (width 0.1))
    (fp_line (start -1 -0.6) (end 1 -0.6) (layer F.Fab) (width 0.1))
    (fp_line (start -1 0.6) (end -1 -0.6) (layer F.Fab) (width 0.1))
    (pad 2 smd roundrect (at 0.9375 0) (size 0.975 1.4) (layers "F.Cu_(top)" F.Paste F.Mask) (roundrect_rratio 0.25)
      (net 97 "/Resolver/SinLO(S3)"))
    (pad 1 smd roundrect (at -0.9375 0) (size 0.975 1.4) (layers "F.Cu_(top)" F.Paste F.Mask) (roundrect_rratio 0.25)
      (net 96 "/Resolver/Sin(S1)"))
    (model ${KISYS3DMOD}/Resistor_SMD.3dshapes/R_0805_2012Metric.wrl
      (at (xyz 0 0 0))
      (scale (xyz 1 1 1))
      (rotate (xyz 0 0 0))
    )
  )

  (module Resistor_SMD:R_0805_2012Metric (layer "F.Cu_(top)") (tedit 5B36C52B) (tstamp 5CCDB913)
    (at 92.0375 157.9)
    (descr "Resistor SMD 0805 (2012 Metric), square (rectangular) end terminal, IPC_7351 nominal, (Body size source: https://docs.google.com/spreadsheets/d/1BsfQQcO9C6DZCsRaXUlFlo91Tg2WpOkGARC1WS5S8t0/edit?usp=sharing), generated with kicad-footprint-generator")
    (tags resistor)
    (path /5C9D0FFC/5CC24437)
    (attr smd)
    (fp_text reference R24 (at 3.1625 -0.4 180) (layer F.SilkS)
      (effects (font (size 1 1) (thickness 0.15)))
    )
    (fp_text value 68k (at 0 1.65) (layer F.Fab)
      (effects (font (size 1 1) (thickness 0.15)))
    )
    (fp_line (start -1 0.6) (end -1 -0.6) (layer F.Fab) (width 0.1))
    (fp_line (start -1 -0.6) (end 1 -0.6) (layer F.Fab) (width 0.1))
    (fp_line (start 1 -0.6) (end 1 0.6) (layer F.Fab) (width 0.1))
    (fp_line (start 1 0.6) (end -1 0.6) (layer F.Fab) (width 0.1))
    (fp_line (start -0.258578 -0.71) (end 0.258578 -0.71) (layer F.SilkS) (width 0.12))
    (fp_line (start -0.258578 0.71) (end 0.258578 0.71) (layer F.SilkS) (width 0.12))
    (fp_line (start -1.68 0.95) (end -1.68 -0.95) (layer F.CrtYd) (width 0.05))
    (fp_line (start -1.68 -0.95) (end 1.68 -0.95) (layer F.CrtYd) (width 0.05))
    (fp_line (start 1.68 -0.95) (end 1.68 0.95) (layer F.CrtYd) (width 0.05))
    (fp_line (start 1.68 0.95) (end -1.68 0.95) (layer F.CrtYd) (width 0.05))
    (fp_text user %R (at 0 0) (layer F.Fab)
      (effects (font (size 0.5 0.5) (thickness 0.08)))
    )
    (pad 1 smd roundrect (at -0.9375 0) (size 0.975 1.4) (layers "F.Cu_(top)" F.Paste F.Mask) (roundrect_rratio 0.25)
      (net 98 "/Resolver/CosLO(S6)"))
    (pad 2 smd roundrect (at 0.9375 0) (size 0.975 1.4) (layers "F.Cu_(top)" F.Paste F.Mask) (roundrect_rratio 0.25)
