(kicad_pcb (version 20171130) (host pcbnew "(5.0.2)-1")

  (general
    (thickness 1.6)
    (drawings 98)
    (tracks 3975)
    (zones 0)
    (modules 217)
    (nets 174)
  )

  (page A4)
  (layers
    (0 "F.Cu_(top)" signal)
    (1 inner_layer1 power)
    (2 inner_layer2 power)
    (3 "inner_layer3_(GND)" signal)
    (4 "inner_layer4_(Sig)" signal)
    (31 "B.Cu_(GND_bottom)" power)
    (32 B.Adhes user hide)
    (33 F.Adhes user hide)
    (34 B.Paste user hide)
    (35 F.Paste user hide)
    (36 B.SilkS user)
    (37 F.SilkS user)
    (38 B.Mask user hide)
    (39 F.Mask user hide)
    (40 Dwgs.User user hide)
    (41 Cmts.User user hide)
    (42 Eco1.User user hide)
    (43 Eco2.User user hide)
    (44 Edge.Cuts user)
    (45 Margin user hide)
    (46 B.CrtYd user hide)
    (47 F.CrtYd user hide)
    (48 B.Fab user hide)
    (49 F.Fab user hide)
  )

  (setup
    (last_trace_width 0.2)
    (user_trace_width 0.2)
    (user_trace_width 0.25)
    (user_trace_width 0.3)
    (user_trace_width 0.45)
    (user_trace_width 0.6)
    (user_trace_width 1)
    (user_trace_width 2)
    (user_trace_width 3)
    (trace_clearance 0.2)
    (zone_clearance 0.6)
    (zone_45_only yes)
    (trace_min 0.2)
    (segment_width 0.2)
    (edge_width 0.2)
    (via_size 0.6)
    (via_drill 0.4)
    (via_min_size 0.6)
    (via_min_drill 0.3)
    (user_via 0.8 0.4)
    (user_via 1 0.5)
    (user_via 10 5)
    (uvia_size 0.3)
    (uvia_drill 0.1)
    (uvias_allowed no)
    (uvia_min_size 0.2)
    (uvia_min_drill 0.1)
    (pcb_text_width 0.3)
    (pcb_text_size 1.5 1.5)
    (mod_edge_width 0.15)
    (mod_text_size 1 1)
    (mod_text_width 0.15)
    (pad_size 2.5 2.5)
    (pad_drill 1.42)
    (pad_to_mask_clearance 0.2)
    (solder_mask_min_width 0.2)
    (aux_axis_origin 17 18)
    (visible_elements 7EFFFFFF)
    (pcbplotparams
      (layerselection 0x010fc_ffffffff)
      (usegerberextensions true)
      (usegerberattributes false)
      (usegerberadvancedattributes false)
      (creategerberjobfile false)
      (excludeedgelayer true)
      (linewidth 0.100000)
      (plotframeref false)
      (viasonmask true)
      (mode 1)
      (useauxorigin true)
      (hpglpennumber 1)
      (hpglpenspeed 20)
      (hpglpendiameter 15.000000)
      (psnegative false)
      (psa4output false)
      (plotreference true)
      (plotvalue true)
      (plotinvisibletext false)
      (padsonsilk false)
      (subtractmaskfromsilk true)
      (outputformat 1)
      (mirror false)
      (drillshape 0)
      (scaleselection 1)
      (outputdirectory "Gerber/"))
  )

  (net 0 "")
  (net 1 +12VA)
  (net 2 Earth)
  (net 3 +12V)
  (net 4 GND)
  (net 5 /MCU/SERVO)
  (net 6 "/Mosfet driver/H1_LOW")
  (net 7 "/Mosfet driver/H3_LOW")
  (net 8 "Net-(C9-Pad1)")
  (net 9 "Net-(C10-Pad2)")
  (net 10 +3V3)
  (net 11 /Filters/TEMP_IN)
  (net 12 "Net-(C17-Pad1)")
  (net 13 "Net-(C18-Pad1)")
  (net 14 "Net-(C19-Pad1)")
  (net 15 NRST)
  (net 16 "Net-(C22-Pad1)")
  (net 17 "Net-(C31-Pad1)")
  (net 18 "Net-(C32-Pad1)")
  (net 19 +5V)
  (net 20 "Net-(D2-Pad1)")
  (net 21 "Net-(D3-Pad1)")
  (net 22 "Net-(D4-Pad1)")
  (net 23 "/CAN bus transceiver/CAN_RX")
  (net 24 "/CAN bus transceiver/CAN_TX")
  (net 25 "/CAN bus transceiver/CANL")
  (net 26 "/CAN bus transceiver/CANH")
  (net 27 /MCU/BR_SO1)
  (net 28 /MCU/BR_SO2)
  (net 29 +BATT)
  (net 30 SWCLK)
  (net 31 SWDIO)
  (net 32 "Net-(Q3-Pad1)")
  (net 33 "Net-(Q4-Pad1)")
  (net 34 "Net-(Q7-Pad1)")
  (net 35 "Net-(Q8-Pad1)")
  (net 36 "Net-(Q11-Pad1)")
  (net 37 "Net-(Q12-Pad1)")
  (net 38 "Net-(P2-Pad19)")
  (net 39 /MCU/LED_GREEN)
  (net 40 /MCU/LED_RED)
  (net 41 /MCU/SENS1)
  (net 42 /MCU/SENS2)
  (net 43 /MCU/SENS3)
  (net 44 /MCU/SCK_ADC_EXT)
  (net 45 /MCU/MISO_ADC_EXT2)
  (net 46 "/Mosfet driver/H2_LOW")
  (net 47 /MCU/BR_SO3)
  (net 48 "Net-(C9-Pad2)")
  (net 49 "Net-(R2-Pad2)")
  (net 50 /USB-Isolator/DD-)
  (net 51 "Net-(R1-Pad2)")
  (net 52 /USB-Isolator/DD+)
  (net 53 /USB-Isolator/VBUS1)
  (net 54 /USB-Isolator/GND1)
  (net 55 "Net-(C68-Pad1)")
  (net 56 /USB-Isolator/UD-)
  (net 57 /USB-Isolator/UD+)
  (net 58 "Net-(R63-Pad1)")
  (net 59 "Net-(R62-Pad1)")
  (net 60 "Net-(Q1-Pad1)")
  (net 61 "Net-(Q2-Pad1)")
  (net 62 "Net-(Q5-Pad1)")
  (net 63 "Net-(Q6-Pad1)")
  (net 64 "Net-(Q9-Pad1)")
  (net 65 "Net-(Q10-Pad1)")
  (net 66 "Net-(R40-Pad1)")
  (net 67 "Net-(R41-Pad1)")
  (net 68 "Net-(R39-Pad1)")
  (net 69 /Resolver/R2)
  (net 70 "Net-(Q14-Pad2)")
  (net 71 "Net-(R43-Pad1)")
  (net 72 "/Mosfet driver/H3_out")
  (net 73 "/Mosfet driver/H1_out")
  (net 74 "Net-(R67-Pad1)")
  (net 75 "/Resolver/Buffer Circuit R2D/EXC")
  (net 76 "Net-(R68-Pad2)")
  (net 77 "Net-(Q13-Pad1)")
  (net 78 "Net-(R69-Pad2)")
  (net 79 "Net-(Q14-Pad1)")
  (net 80 "Net-(Q15-Pad1)")
  (net 81 "Net-(R73-Pad2)")
  (net 82 "/Mosfet driver/H2_out")
  (net 83 /Resolver/R1)
  (net 84 "Net-(Q16-Pad2)")
  (net 85 "/Mosfet driver/L1_out")
  (net 86 "Net-(R65-Pad1)")
  (net 87 "Net-(R66-Pad2)")
  (net 88 "/Resolver/Buffer Circuit R2D/*EXC")
  (net 89 "Net-(Q16-Pad1)")
  (net 90 "Net-(C7-Pad2)")
  (net 91 "Net-(C7-Pad1)")
  (net 92 "Net-(C6-Pad1)")
  (net 93 "Net-(C6-Pad2)")
  (net 94 "Net-(C33-Pad1)")
  (net 95 "Net-(C75-Pad1)")
  (net 96 "Net-(C76-Pad1)")
  (net 97 "/Resolver/Sin(S1)")
  (net 98 "/Resolver/SinLO(S3)")
  (net 99 "/Resolver/CosLO(S6)")
  (net 100 "/Resolver/Cos(S2)")
  (net 101 "Net-(C71-Pad1)")
  (net 102 /MCU/H3_pwm)
  (net 103 /MCU/L3_pwm)
  (net 104 /MCU/L2_pwm)
  (net 105 /MCU/H2_pwm)
  (net 106 /MCU/L1_pwm)
  (net 107 /MCU/H1_pwm)
  (net 108 "SPI1_MISO(R2D)")
  (net 109 "SPI1_SCK(R2D)")
  (net 110 H2_VS)
  (net 111 H3_VS)
  (net 112 H1_VS)
  (net 113 "/Mosfet driver/L3_out")
  (net 114 "/Mosfet driver/L2_out")
  (net 115 /MCU/Temp_Platine)
  (net 116 /MCU/CAN_VSS_Sense)
  (net 117 /MCU/RX_SDA_NSS)
  (net 118 /MCU/TX_SCL_MOSI)
  (net 119 /MCU/U_Bat)
  (net 120 "Net-(IC1-Pad10)")
  (net 121 "Net-(U1-Pad2)")
  (net 122 "Net-(U1-Pad3)")
  (net 123 "Net-(U1-Pad4)")
  (net 124 "Net-(U1-Pad25)")
  (net 125 "Net-(U1-Pad28)")
  (net 126 "Net-(U1-Pad33)")
  (net 127 "Net-(U1-Pad53)")
  (net 128 "Net-(U1-Pad54)")
  (net 129 "SPI1_MOSI(R2D)")
  (net 130 /Resolver/RD)
  (net 131 "Net-(U6-Pad9)")
  (net 132 "Net-(U6-Pad10)")
  (net 133 "Net-(U6-Pad11)")
  (net 134 "Net-(U6-Pad12)")
  (net 135 "Net-(U6-Pad13)")
  (net 136 "Net-(U6-Pad14)")
  (net 137 "Net-(U6-Pad15)")
  (net 138 "Net-(U6-Pad16)")
  (net 139 "Net-(U6-Pad18)")
  (net 140 "Net-(U6-Pad19)")
  (net 141 "Net-(U6-Pad20)")
  (net 142 "Net-(U6-Pad24)")
  (net 143 "Net-(U6-Pad29)")
  (net 144 "Net-(U6-Pad30)")
  (net 145 "Net-(U6-Pad31)")
  (net 146 "Net-(U6-Pad32)")
  (net 147 "Net-(U6-Pad33)")
  (net 148 "Net-(U6-Pad44)")
  (net 149 "Net-(P8-Pad6)")
  (net 150 +15V)
  (net 151 GNDPWR)
  (net 152 /Resolver/*CS)
  (net 153 /Resolver/*RDvel)
  (net 154 "Net-(Q15-Pad2)")
  (net 155 "Net-(C38-Pad2)")
  (net 156 "Net-(C40-Pad2)")
  (net 157 "Net-(C37-Pad1)")
  (net 158 "Net-(Q13-Pad2)")
  (net 159 "A(enc)")
  (net 160 "B(enc)")
  (net 161 "NM(enc)")
  (net 162 "dir(enc)")
  (net 163 /Filters/HALL3_IN)
  (net 164 /Filters/HALL1_OUT)
  (net 165 /Filters/HALL1_IN)
  (net 166 /Filters/HALL2_IN)
  (net 167 /Filters/HALL2_OUT)
  (net 168 /Filters/HALL3_OUT)
  (net 169 /MCU/HALL_1)
  (net 170 /MCU/HALL_2)
  (net 171 /MCU/HALL_3)
  (net 172 "Net-(C59-Pad2)")
  (net 173 "Net-(C60-Pad2)")

  (net_class Default "Dies ist die voreingestellte Netzklasse."
    (clearance 0.2)
    (trace_width 0.25)
    (via_dia 0.6)
    (via_drill 0.4)
    (uvia_dia 0.3)
    (uvia_drill 0.1)
    (add_net +12V)
    (add_net +12VA)
    (add_net +15V)
    (add_net +3V3)
    (add_net +5V)
    (add_net "/CAN bus transceiver/CANH")
    (add_net "/CAN bus transceiver/CANL")
    (add_net "/CAN bus transceiver/CAN_RX")
    (add_net "/CAN bus transceiver/CAN_TX")
    (add_net /Filters/HALL1_IN)
    (add_net /Filters/HALL1_OUT)
    (add_net /Filters/HALL2_IN)
    (add_net /Filters/HALL2_OUT)
    (add_net /Filters/HALL3_IN)
    (add_net /Filters/HALL3_OUT)
    (add_net /Filters/TEMP_IN)
    (add_net /MCU/BR_SO1)
    (add_net /MCU/BR_SO2)
    (add_net /MCU/BR_SO3)
    (add_net /MCU/CAN_VSS_Sense)
    (add_net /MCU/H1_pwm)
    (add_net /MCU/H2_pwm)
    (add_net /MCU/H3_pwm)
    (add_net /MCU/HALL_1)
    (add_net /MCU/HALL_2)
    (add_net /MCU/HALL_3)
    (add_net /MCU/L1_pwm)
    (add_net /MCU/L2_pwm)
    (add_net /MCU/L3_pwm)
    (add_net /MCU/LED_GREEN)
    (add_net /MCU/LED_RED)
    (add_net /MCU/MISO_ADC_EXT2)
    (add_net /MCU/RX_SDA_NSS)
    (add_net /MCU/SCK_ADC_EXT)
    (add_net /MCU/SENS1)
    (add_net /MCU/SENS2)
    (add_net /MCU/SENS3)
    (add_net /MCU/SERVO)
    (add_net /MCU/TX_SCL_MOSI)
    (add_net /MCU/Temp_Platine)
    (add_net /MCU/U_Bat)
    (add_net "/Mosfet driver/H1_LOW")
    (add_net "/Mosfet driver/H1_out")
    (add_net "/Mosfet driver/H2_LOW")
    (add_net "/Mosfet driver/H2_out")
    (add_net "/Mosfet driver/H3_LOW")
    (add_net "/Mosfet driver/H3_out")
    (add_net "/Mosfet driver/L1_out")
    (add_net "/Mosfet driver/L2_out")
    (add_net "/Mosfet driver/L3_out")
    (add_net /Resolver/*CS)
    (add_net /Resolver/*RDvel)
    (add_net "/Resolver/Buffer Circuit R2D/*EXC")
    (add_net "/Resolver/Buffer Circuit R2D/EXC")
    (add_net "/Resolver/Cos(S2)")
    (add_net "/Resolver/CosLO(S6)")
    (add_net /Resolver/R1)
    (add_net /Resolver/R2)
    (add_net /Resolver/RD)
    (add_net "/Resolver/Sin(S1)")
    (add_net "/Resolver/SinLO(S3)")
    (add_net /USB-Isolator/DD+)
    (add_net /USB-Isolator/DD-)
    (add_net /USB-Isolator/GND1)
    (add_net /USB-Isolator/UD+)
    (add_net /USB-Isolator/UD-)
    (add_net /USB-Isolator/VBUS1)
    (add_net "A(enc)")
    (add_net "B(enc)")
    (add_net Earth)
    (add_net GND)
    (add_net GNDPWR)
    (add_net H1_VS)
    (add_net H2_VS)
    (add_net H3_VS)
    (add_net "NM(enc)")
    (add_net NRST)
    (add_net "Net-(C10-Pad2)")
    (add_net "Net-(C17-Pad1)")
    (add_net "Net-(C18-Pad1)")
    (add_net "Net-(C19-Pad1)")
    (add_net "Net-(C22-Pad1)")
    (add_net "Net-(C31-Pad1)")
    (add_net "Net-(C32-Pad1)")
    (add_net "Net-(C33-Pad1)")
    (add_net "Net-(C37-Pad1)")
    (add_net "Net-(C38-Pad2)")
    (add_net "Net-(C40-Pad2)")
    (add_net "Net-(C59-Pad2)")
    (add_net "Net-(C6-Pad1)")
    (add_net "Net-(C6-Pad2)")
    (add_net "Net-(C60-Pad2)")
    (add_net "Net-(C68-Pad1)")
    (add_net "Net-(C7-Pad1)")
    (add_net "Net-(C7-Pad2)")
    (add_net "Net-(C71-Pad1)")
    (add_net "Net-(C75-Pad1)")
    (add_net "Net-(C76-Pad1)")
    (add_net "Net-(C9-Pad1)")
    (add_net "Net-(C9-Pad2)")
    (add_net "Net-(D2-Pad1)")
    (add_net "Net-(D3-Pad1)")
    (add_net "Net-(D4-Pad1)")
    (add_net "Net-(IC1-Pad10)")
    (add_net "Net-(P2-Pad19)")
    (add_net "Net-(P8-Pad6)")
    (add_net "Net-(Q1-Pad1)")
    (add_net "Net-(Q10-Pad1)")
    (add_net "Net-(Q11-Pad1)")
    (add_net "Net-(Q12-Pad1)")
    (add_net "Net-(Q13-Pad1)")
    (add_net "Net-(Q13-Pad2)")
    (add_net "Net-(Q14-Pad1)")
    (add_net "Net-(Q14-Pad2)")
    (add_net "Net-(Q15-Pad1)")
    (add_net "Net-(Q15-Pad2)")
    (add_net "Net-(Q16-Pad1)")
    (add_net "Net-(Q16-Pad2)")
    (add_net "Net-(Q2-Pad1)")
    (add_net "Net-(Q3-Pad1)")
    (add_net "Net-(Q4-Pad1)")
    (add_net "Net-(Q5-Pad1)")
    (add_net "Net-(Q6-Pad1)")
    (add_net "Net-(Q7-Pad1)")
    (add_net "Net-(Q8-Pad1)")
    (add_net "Net-(Q9-Pad1)")
    (add_net "Net-(R1-Pad2)")
    (add_net "Net-(R2-Pad2)")
    (add_net "Net-(R39-Pad1)")
    (add_net "Net-(R40-Pad1)")
    (add_net "Net-(R41-Pad1)")
    (add_net "Net-(R43-Pad1)")
    (add_net "Net-(R62-Pad1)")
    (add_net "Net-(R63-Pad1)")
    (add_net "Net-(R65-Pad1)")
    (add_net "Net-(R66-Pad2)")
    (add_net "Net-(R67-Pad1)")
    (add_net "Net-(R68-Pad2)")
    (add_net "Net-(R69-Pad2)")
    (add_net "Net-(R73-Pad2)")
    (add_net "Net-(U1-Pad2)")
    (add_net "Net-(U1-Pad25)")
    (add_net "Net-(U1-Pad28)")
    (add_net "Net-(U1-Pad3)")
    (add_net "Net-(U1-Pad33)")
    (add_net "Net-(U1-Pad4)")
    (add_net "Net-(U1-Pad53)")
    (add_net "Net-(U1-Pad54)")
    (add_net "Net-(U6-Pad10)")
    (add_net "Net-(U6-Pad11)")
    (add_net "Net-(U6-Pad12)")
    (add_net "Net-(U6-Pad13)")
    (add_net "Net-(U6-Pad14)")
    (add_net "Net-(U6-Pad15)")
    (add_net "Net-(U6-Pad16)")
    (add_net "Net-(U6-Pad18)")
    (add_net "Net-(U6-Pad19)")
    (add_net "Net-(U6-Pad20)")
    (add_net "Net-(U6-Pad24)")
    (add_net "Net-(U6-Pad29)")
    (add_net "Net-(U6-Pad30)")
    (add_net "Net-(U6-Pad31)")
    (add_net "Net-(U6-Pad32)")
    (add_net "Net-(U6-Pad33)")
    (add_net "Net-(U6-Pad44)")
    (add_net "Net-(U6-Pad9)")
    (add_net "SPI1_MISO(R2D)")
    (add_net "SPI1_MOSI(R2D)")
    (add_net "SPI1_SCK(R2D)")
    (add_net SWCLK)
    (add_net SWDIO)
    (add_net "dir(enc)")
  )

  (net_class HV ""
    (clearance 2)
    (trace_width 3)
    (via_dia 1)
    (via_drill 0.6)
    (uvia_dia 0.3)
    (uvia_drill 0.1)
    (add_net +BATT)
  )

  (module Resistor_SMD:R_0805_2012Metric (layer "B.Cu_(GND_bottom)") (tedit 5CA503EB) (tstamp 5CB8CDD0)
    (at 131.7 70.8 315)
    (descr "Resistor SMD 0805 (2012 Metric), square (rectangular) end terminal, IPC_7351 nominal, (Body size source: https://docs.google.com/spreadsheets/d/1BsfQQcO9C6DZCsRaXUlFlo91Tg2WpOkGARC1WS5S8t0/edit?usp=sharing), generated with kicad-footprint-generator")
    (tags resistor)
    (path /5895E67A/58985817)
    (attr smd)
    (fp_text reference R22 (at 0 1.65 315) (layer B.SilkS)
      (effects (font (size 1 1) (thickness 0.15)) (justify mirror))
    )
    (fp_text value 1R (at 0 -1.65 315) (layer B.Fab)
      (effects (font (size 1 1) (thickness 0.15)) (justify mirror))
    )
    (fp_line (start -1 -0.6) (end -1 0.6) (layer B.Fab) (width 0.1))
    (fp_line (start -1 0.6) (end 1 0.6) (layer B.Fab) (width 0.1))
    (fp_line (start 1 0.6) (end 1 -0.6) (layer B.Fab) (width 0.1))
    (fp_line (start 1 -0.6) (end -1 -0.6) (layer B.Fab) (width 0.1))
    (fp_line (start -0.258578 0.71) (end 0.258578 0.71) (layer B.SilkS) (width 0.12))
    (fp_line (start -0.258578 -0.71) (end 0.258578 -0.71) (layer B.SilkS) (width 0.12))
    (fp_line (start -1.68 -0.95) (end -1.68 0.95) (layer B.CrtYd) (width 0.05))
    (fp_line (start -1.68 0.95) (end 1.68 0.95) (layer B.CrtYd) (width 0.05))
    (fp_line (start 1.68 0.95) (end 1.68 -0.95) (layer B.CrtYd) (width 0.05))
    (fp_line (start 1.68 -0.95) (end -1.68 -0.95) (layer B.CrtYd) (width 0.05))
    (fp_text user %R (at 0 0 315) (layer B.Fab)
      (effects (font (size 0.5 0.5) (thickness 0.08)) (justify mirror))
    )
    (pad 1 smd roundrect (at -0.937501 0 315) (size 0.975 1.4) (layers "B.Cu_(GND_bottom)" B.Paste B.Mask) (roundrect_rratio 0.25)
      (net 34 "Net-(Q7-Pad1)"))
    (pad 2 smd roundrect (at 0.937501 0 315) (size 0.975 1.4) (layers "B.Cu_(GND_bottom)" B.Paste B.Mask) (roundrect_rratio 0.25)
      (net 82 "/Mosfet driver/H2_out"))
    (model ${KISYS3DMOD}/Resistor_SMD.3dshapes/R_0805_2012Metric.wrl
      (at (xyz 0 0 0))
      (scale (xyz 1 1 1))
      (rotate (xyz 0 0 0))
    )
  )

  (module Capacitor_SMD:C_2220_5650Metric (layer "B.Cu_(GND_bottom)") (tedit 5B301BBE) (tstamp 5CC425E2)
    (at 284 78.45 270)
    (descr "Capacitor SMD 2220 (5650 Metric), square (rectangular) end terminal, IPC_7351 nominal, (Body size from: http://datasheets.avx.com/AVX-HV_MLCC.pdf), generated with kicad-footprint-generator")
    (tags capacitor)
    (path /5895E67A/5CC0CB7F)
    (attr smd)
    (fp_text reference C78 (at 0 3.65 270) (layer B.SilkS)
      (effects (font (size 1 1) (thickness 0.15)) (justify mirror))
    )
    (fp_text value "1u 600V" (at 0 -3.65 270) (layer B.Fab)
      (effects (font (size 1 1) (thickness 0.15)) (justify mirror))
    )
    (fp_text user %R (at 0 0 270) (layer B.Fab)
      (effects (font (size 1 1) (thickness 0.15)) (justify mirror))
    )
    (fp_line (start 3.7 -2.95) (end -3.7 -2.95) (layer B.CrtYd) (width 0.05))
    (fp_line (start 3.7 2.95) (end 3.7 -2.95) (layer B.CrtYd) (width 0.05))
    (fp_line (start -3.7 2.95) (end 3.7 2.95) (layer B.CrtYd) (width 0.05))
    (fp_line (start -3.7 -2.95) (end -3.7 2.95) (layer B.CrtYd) (width 0.05))
    (fp_line (start -1.415748 -2.61) (end 1.415748 -2.61) (layer B.SilkS) (width 0.12))
    (fp_line (start -1.415748 2.61) (end 1.415748 2.61) (layer B.SilkS) (width 0.12))
    (fp_line (start 2.85 -2.5) (end -2.85 -2.5) (layer B.Fab) (width 0.1))
    (fp_line (start 2.85 2.5) (end 2.85 -2.5) (layer B.Fab) (width 0.1))
    (fp_line (start -2.85 2.5) (end 2.85 2.5) (layer B.Fab) (width 0.1))
    (fp_line (start -2.85 -2.5) (end -2.85 2.5) (layer B.Fab) (width 0.1))
    (pad 2 smd roundrect (at 2.55 0 270) (size 1.8 5.4) (layers "B.Cu_(GND_bottom)" B.Paste B.Mask) (roundrect_rratio 0.138889)
      (net 151 GNDPWR))
    (pad 1 smd roundrect (at -2.55 0 270) (size 1.8 5.4) (layers "B.Cu_(GND_bottom)" B.Paste B.Mask) (roundrect_rratio 0.138889)
      (net 29 +BATT))
    (model ${KISYS3DMOD}/Capacitor_SMD.3dshapes/C_2220_5650Metric.wrl
      (at (xyz 0 0 0))
      (scale (xyz 1 1 1))
      (rotate (xyz 0 0 0))
    )
  )

  (module Capacitor_SMD:C_2220_5650Metric (layer "F.Cu_(top)") (tedit 5B301BBE) (tstamp 5CC425B1)
    (at 58.4 78.25 270)
    (descr "Capacitor SMD 2220 (5650 Metric), square (rectangular) end terminal, IPC_7351 nominal, (Body size from: http://datasheets.avx.com/AVX-HV_MLCC.pdf), generated with kicad-footprint-generator")
    (tags capacitor)
    (path /5895E67A/5CBEF279)
    (attr smd)
    (fp_text reference C60 (at 0 -3.65 270) (layer F.SilkS)
      (effects (font (size 1 1) (thickness 0.15)))
    )
    (fp_text value "1u 600V" (at 0 3.65 270) (layer F.Fab)
      (effects (font (size 1 1) (thickness 0.15)))
    )
    (fp_line (start -2.85 2.5) (end -2.85 -2.5) (layer F.Fab) (width 0.1))
    (fp_line (start -2.85 -2.5) (end 2.85 -2.5) (layer F.Fab) (width 0.1))
    (fp_line (start 2.85 -2.5) (end 2.85 2.5) (layer F.Fab) (width 0.1))
    (fp_line (start 2.85 2.5) (end -2.85 2.5) (layer F.Fab) (width 0.1))
    (fp_line (start -1.415748 -2.61) (end 1.415748 -2.61) (layer F.SilkS) (width 0.12))
    (fp_line (start -1.415748 2.61) (end 1.415748 2.61) (layer F.SilkS) (width 0.12))
    (fp_line (start -3.7 2.95) (end -3.7 -2.95) (layer F.CrtYd) (width 0.05))
    (fp_line (start -3.7 -2.95) (end 3.7 -2.95) (layer F.CrtYd) (width 0.05))
    (fp_line (start 3.7 -2.95) (end 3.7 2.95) (layer F.CrtYd) (width 0.05))
    (fp_line (start 3.7 2.95) (end -3.7 2.95) (layer F.CrtYd) (width 0.05))
    (fp_text user %R (at 0 0 270) (layer F.Fab)
      (effects (font (size 1 1) (thickness 0.15)))
    )
    (pad 1 smd roundrect (at -2.55 0 270) (size 1.8 5.4) (layers "F.Cu_(top)" F.Paste F.Mask) (roundrect_rratio 0.138889)
      (net 29 +BATT))
    (pad 2 smd roundrect (at 2.55 0 270) (size 1.8 5.4) (layers "F.Cu_(top)" F.Paste F.Mask) (roundrect_rratio 0.138889)
      (net 173 "Net-(C60-Pad2)"))
    (model ${KISYS3DMOD}/Capacitor_SMD.3dshapes/C_2220_5650Metric.wrl
      (at (xyz 0 0 0))
      (scale (xyz 1 1 1))
      (rotate (xyz 0 0 0))
    )
  )

  (module Capacitor_SMD:C_2220_5650Metric (layer "B.Cu_(GND_bottom)") (tedit 5B301BBE) (tstamp 5CC42580)
    (at 277 78.45 270)
    (descr "Capacitor SMD 2220 (5650 Metric), square (rectangular) end terminal, IPC_7351 nominal, (Body size from: http://datasheets.avx.com/AVX-HV_MLCC.pdf), generated with kicad-footprint-generator")
    (tags capacitor)
    (path /5895E67A/5CC0CB88)
    (attr smd)
    (fp_text reference C63 (at 0 3.65 270) (layer B.SilkS)
      (effects (font (size 1 1) (thickness 0.15)) (justify mirror))
    )
    (fp_text value "1u 600V" (at 0 -3.65 270) (layer B.Fab)
      (effects (font (size 1 1) (thickness 0.15)) (justify mirror))
    )
    (fp_text user %R (at 0 0 270) (layer B.Fab)
      (effects (font (size 1 1) (thickness 0.15)) (justify mirror))
    )
    (fp_line (start 3.7 -2.95) (end -3.7 -2.95) (layer B.CrtYd) (width 0.05))
    (fp_line (start 3.7 2.95) (end 3.7 -2.95) (layer B.CrtYd) (width 0.05))
    (fp_line (start -3.7 2.95) (end 3.7 2.95) (layer B.CrtYd) (width 0.05))
    (fp_line (start -3.7 -2.95) (end -3.7 2.95) (layer B.CrtYd) (width 0.05))
    (fp_line (start -1.415748 -2.61) (end 1.415748 -2.61) (layer B.SilkS) (width 0.12))
    (fp_line (start -1.415748 2.61) (end 1.415748 2.61) (layer B.SilkS) (width 0.12))
    (fp_line (start 2.85 -2.5) (end -2.85 -2.5) (layer B.Fab) (width 0.1))
    (fp_line (start 2.85 2.5) (end 2.85 -2.5) (layer B.Fab) (width 0.1))
    (fp_line (start -2.85 2.5) (end 2.85 2.5) (layer B.Fab) (width 0.1))
    (fp_line (start -2.85 -2.5) (end -2.85 2.5) (layer B.Fab) (width 0.1))
    (pad 2 smd roundrect (at 2.55 0 270) (size 1.8 5.4) (layers "B.Cu_(GND_bottom)" B.Paste B.Mask) (roundrect_rratio 0.138889)
      (net 151 GNDPWR))
    (pad 1 smd roundrect (at -2.55 0 270) (size 1.8 5.4) (layers "B.Cu_(GND_bottom)" B.Paste B.Mask) (roundrect_rratio 0.138889)
      (net 29 +BATT))
    (model ${KISYS3DMOD}/Capacitor_SMD.3dshapes/C_2220_5650Metric.wrl
      (at (xyz 0 0 0))
      (scale (xyz 1 1 1))
      (rotate (xyz 0 0 0))
    )
  )

  (module Capacitor_SMD:C_2220_5650Metric (layer "B.Cu_(GND_bottom)") (tedit 5B301BBE) (tstamp 5CC4256F)
    (at 263 78.45 270)
    (descr "Capacitor SMD 2220 (5650 Metric), square (rectangular) end terminal, IPC_7351 nominal, (Body size from: http://datasheets.avx.com/AVX-HV_MLCC.pdf), generated with kicad-footprint-generator")
    (tags capacitor)
    (path /5895E67A/5CC0CB78)
    (attr smd)
    (fp_text reference C61 (at 0 3.65 270) (layer B.SilkS)
      (effects (font (size 1 1) (thickness 0.15)) (justify mirror))
    )
    (fp_text value "1u 600V" (at 0 -3.65 270) (layer B.Fab)
      (effects (font (size 1 1) (thickness 0.15)) (justify mirror))
    )
    (fp_line (start -2.85 -2.5) (end -2.85 2.5) (layer B.Fab) (width 0.1))
    (fp_line (start -2.85 2.5) (end 2.85 2.5) (layer B.Fab) (width 0.1))
    (fp_line (start 2.85 2.5) (end 2.85 -2.5) (layer B.Fab) (width 0.1))
    (fp_line (start 2.85 -2.5) (end -2.85 -2.5) (layer B.Fab) (width 0.1))
    (fp_line (start -1.415748 2.61) (end 1.415748 2.61) (layer B.SilkS) (width 0.12))
    (fp_line (start -1.415748 -2.61) (end 1.415748 -2.61) (layer B.SilkS) (width 0.12))
    (fp_line (start -3.7 -2.95) (end -3.7 2.95) (layer B.CrtYd) (width 0.05))
    (fp_line (start -3.7 2.95) (end 3.7 2.95) (layer B.CrtYd) (width 0.05))
    (fp_line (start 3.7 2.95) (end 3.7 -2.95) (layer B.CrtYd) (width 0.05))
    (fp_line (start 3.7 -2.95) (end -3.7 -2.95) (layer B.CrtYd) (width 0.05))
    (fp_text user %R (at 0 0 270) (layer B.Fab)
      (effects (font (size 1 1) (thickness 0.15)) (justify mirror))
    )
    (pad 1 smd roundrect (at -2.55 0 270) (size 1.8 5.4) (layers "B.Cu_(GND_bottom)" B.Paste B.Mask) (roundrect_rratio 0.138889)
      (net 29 +BATT))
    (pad 2 smd roundrect (at 2.55 0 270) (size 1.8 5.4) (layers "B.Cu_(GND_bottom)" B.Paste B.Mask) (roundrect_rratio 0.138889)
      (net 151 GNDPWR))
    (model ${KISYS3DMOD}/Capacitor_SMD.3dshapes/C_2220_5650Metric.wrl
      (at (xyz 0 0 0))
      (scale (xyz 1 1 1))
      (rotate (xyz 0 0 0))
    )
  )

  (module Capacitor_SMD:C_2220_5650Metric (layer "F.Cu_(top)") (tedit 5B301BBE) (tstamp 5CC424FE)
    (at 135.4 78.25 270)
    (descr "Capacitor SMD 2220 (5650 Metric), square (rectangular) end terminal, IPC_7351 nominal, (Body size from: http://datasheets.avx.com/AVX-HV_MLCC.pdf), generated with kicad-footprint-generator")
    (tags capacitor)
    (path /5895E67A/5CBC9001)
    (attr smd)
    (fp_text reference C59 (at 0 -3.65 270) (layer F.SilkS)
      (effects (font (size 1 1) (thickness 0.15)))
    )
    (fp_text value "1u 600V" (at 0 3.65 270) (layer F.Fab)
      (effects (font (size 1 1) (thickness 0.15)))
    )
    (fp_text user %R (at 0 0 270) (layer F.Fab)
      (effects (font (size 1 1) (thickness 0.15)))
    )
    (fp_line (start 3.7 2.95) (end -3.7 2.95) (layer F.CrtYd) (width 0.05))
    (fp_line (start 3.7 -2.95) (end 3.7 2.95) (layer F.CrtYd) (width 0.05))
    (fp_line (start -3.7 -2.95) (end 3.7 -2.95) (layer F.CrtYd) (width 0.05))
    (fp_line (start -3.7 2.95) (end -3.7 -2.95) (layer F.CrtYd) (width 0.05))
    (fp_line (start -1.415748 2.61) (end 1.415748 2.61) (layer F.SilkS) (width 0.12))
    (fp_line (start -1.415748 -2.61) (end 1.415748 -2.61) (layer F.SilkS) (width 0.12))
    (fp_line (start 2.85 2.5) (end -2.85 2.5) (layer F.Fab) (width 0.1))
    (fp_line (start 2.85 -2.5) (end 2.85 2.5) (layer F.Fab) (width 0.1))
    (fp_line (start -2.85 -2.5) (end 2.85 -2.5) (layer F.Fab) (width 0.1))
    (fp_line (start -2.85 2.5) (end -2.85 -2.5) (layer F.Fab) (width 0.1))
    (pad 2 smd roundrect (at 2.55 0 270) (size 1.8 5.4) (layers "F.Cu_(top)" F.Paste F.Mask) (roundrect_rratio 0.138889)
      (net 172 "Net-(C59-Pad2)"))
    (pad 1 smd roundrect (at -2.55 0 270) (size 1.8 5.4) (layers "F.Cu_(top)" F.Paste F.Mask) (roundrect_rratio 0.138889)
      (net 29 +BATT))
    (model ${KISYS3DMOD}/Capacitor_SMD.3dshapes/C_2220_5650Metric.wrl
      (at (xyz 0 0 0))
      (scale (xyz 1 1 1))
      (rotate (xyz 0 0 0))
    )
  )

  (module Capacitor_SMD:C_2220_5650Metric (layer "F.Cu_(top)") (tedit 5B301BBE) (tstamp 5CC424AD)
    (at 212.4 78.25 270)
    (descr "Capacitor SMD 2220 (5650 Metric), square (rectangular) end terminal, IPC_7351 nominal, (Body size from: http://datasheets.avx.com/AVX-HV_MLCC.pdf), generated with kicad-footprint-generator")
    (tags capacitor)
    (path /5895E67A/5CB8870D)
    (attr smd)
    (fp_text reference C49 (at 0 -3.65 270) (layer F.SilkS)
      (effects (font (size 1 1) (thickness 0.15)))
    )
    (fp_text value "1u 600V" (at 0 3.65 270) (layer F.Fab)
      (effects (font (size 1 1) (thickness 0.15)))
    )
    (fp_line (start -2.85 2.5) (end -2.85 -2.5) (layer F.Fab) (width 0.1))
    (fp_line (start -2.85 -2.5) (end 2.85 -2.5) (layer F.Fab) (width 0.1))
    (fp_line (start 2.85 -2.5) (end 2.85 2.5) (layer F.Fab) (width 0.1))
    (fp_line (start 2.85 2.5) (end -2.85 2.5) (layer F.Fab) (width 0.1))
    (fp_line (start -1.415748 -2.61) (end 1.415748 -2.61) (layer F.SilkS) (width 0.12))
    (fp_line (start -1.415748 2.61) (end 1.415748 2.61) (layer F.SilkS) (width 0.12))
    (fp_line (start -3.7 2.95) (end -3.7 -2.95) (layer F.CrtYd) (width 0.05))
    (fp_line (start -3.7 -2.95) (end 3.7 -2.95) (layer F.CrtYd) (width 0.05))
    (fp_line (start 3.7 -2.95) (end 3.7 2.95) (layer F.CrtYd) (width 0.05))
    (fp_line (start 3.7 2.95) (end -3.7 2.95) (layer F.CrtYd) (width 0.05))
    (fp_text user %R (at 0 0 270) (layer F.Fab)
      (effects (font (size 1 1) (thickness 0.15)))
    )
    (pad 1 smd roundrect (at -2.55 0 270) (size 1.8 5.4) (layers "F.Cu_(top)" F.Paste F.Mask) (roundrect_rratio 0.138889)
      (net 29 +BATT))
    (pad 2 smd roundrect (at 2.55 0 270) (size 1.8 5.4) (layers "F.Cu_(top)" F.Paste F.Mask) (roundrect_rratio 0.138889)
      (net 6 "/Mosfet driver/H1_LOW"))
    (model ${KISYS3DMOD}/Capacitor_SMD.3dshapes/C_2220_5650Metric.wrl
      (at (xyz 0 0 0))
      (scale (xyz 1 1 1))
      (rotate (xyz 0 0 0))
    )
  )

  (module Capacitor_SMD:C_0805_2012Metric (layer "F.Cu_(top)") (tedit 5B36C52B) (tstamp 5CC48D9E)
    (at 57.5 144.5625 270)
    (descr "Capacitor SMD 0805 (2012 Metric), square (rectangular) end terminal, IPC_7351 nominal, (Body size source: https://docs.google.com/spreadsheets/d/1BsfQQcO9C6DZCsRaXUlFlo91Tg2WpOkGARC1WS5S8t0/edit?usp=sharing), generated with kicad-footprint-generator")
    (tags capacitor)
    (path /5CBA6759)
    (attr smd)
    (fp_text reference C48 (at 0 -1.65 270) (layer F.SilkS)
      (effects (font (size 1 1) (thickness 0.15)))
    )
    (fp_text value 100n (at 0 1.65 270) (layer F.Fab)
      (effects (font (size 1 1) (thickness 0.15)))
    )
    (fp_line (start -1 0.6) (end -1 -0.6) (layer F.Fab) (width 0.1))
    (fp_line (start -1 -0.6) (end 1 -0.6) (layer F.Fab) (width 0.1))
    (fp_line (start 1 -0.6) (end 1 0.6) (layer F.Fab) (width 0.1))
    (fp_line (start 1 0.6) (end -1 0.6) (layer F.Fab) (width 0.1))
    (fp_line (start -0.258578 -0.71) (end 0.258578 -0.71) (layer F.SilkS) (width 0.12))
    (fp_line (start -0.258578 0.71) (end 0.258578 0.71) (layer F.SilkS) (width 0.12))
    (fp_line (start -1.68 0.95) (end -1.68 -0.95) (layer F.CrtYd) (width 0.05))
    (fp_line (start -1.68 -0.95) (end 1.68 -0.95) (layer F.CrtYd) (width 0.05))
    (fp_line (start 1.68 -0.95) (end 1.68 0.95) (layer F.CrtYd) (width 0.05))
    (fp_line (start 1.68 0.95) (end -1.68 0.95) (layer F.CrtYd) (width 0.05))
    (fp_text user %R (at 0 0 270) (layer F.Fab)
      (effects (font (size 0.5 0.5) (thickness 0.08)))
    )
    (pad 1 smd roundrect (at -0.9375 0 270) (size 0.975 1.4) (layers "F.Cu_(top)" F.Paste F.Mask) (roundrect_rratio 0.25)
      (net 151 GNDPWR))
    (pad 2 smd roundrect (at 0.9375 0 270) (size 0.975 1.4) (layers "F.Cu_(top)" F.Paste F.Mask) (roundrect_rratio 0.25)
      (net 4 GND))
    (model ${KISYS3DMOD}/Capacitor_SMD.3dshapes/C_0805_2012Metric.wrl
      (at (xyz 0 0 0))
      (scale (xyz 1 1 1))
      (rotate (xyz 0 0 0))
    )
  )

  (module Capacitor_SMD:C_0805_2012Metric (layer "F.Cu_(top)") (tedit 5B36C52B) (tstamp 5CC49264)
    (at 109 144.5625 270)
    (descr "Capacitor SMD 0805 (2012 Metric), square (rectangular) end terminal, IPC_7351 nominal, (Body size source: https://docs.google.com/spreadsheets/d/1BsfQQcO9C6DZCsRaXUlFlo91Tg2WpOkGARC1WS5S8t0/edit?usp=sharing), generated with kicad-footprint-generator")
    (tags capacitor)
    (path /5CB86C31)
    (attr smd)
    (fp_text reference C46 (at 0 -1.65 270) (layer F.SilkS)
      (effects (font (size 1 1) (thickness 0.15)))
    )
    (fp_text value 100n (at 0 1.65 270) (layer F.Fab)
      (effects (font (size 1 1) (thickness 0.15)))
    )
    (fp_text user %R (at 0 0 270) (layer F.Fab)
      (effects (font (size 0.5 0.5) (thickness 0.08)))
    )
    (fp_line (start 1.68 0.95) (end -1.68 0.95) (layer F.CrtYd) (width 0.05))
    (fp_line (start 1.68 -0.95) (end 1.68 0.95) (layer F.CrtYd) (width 0.05))
    (fp_line (start -1.68 -0.95) (end 1.68 -0.95) (layer F.CrtYd) (width 0.05))
    (fp_line (start -1.68 0.95) (end -1.68 -0.95) (layer F.CrtYd) (width 0.05))
    (fp_line (start -0.258578 0.71) (end 0.258578 0.71) (layer F.SilkS) (width 0.12))
    (fp_line (start -0.258578 -0.71) (end 0.258578 -0.71) (layer F.SilkS) (width 0.12))
    (fp_line (start 1 0.6) (end -1 0.6) (layer F.Fab) (width 0.1))
    (fp_line (start 1 -0.6) (end 1 0.6) (layer F.Fab) (width 0.1))
    (fp_line (start -1 -0.6) (end 1 -0.6) (layer F.Fab) (width 0.1))
    (fp_line (start -1 0.6) (end -1 -0.6) (layer F.Fab) (width 0.1))
    (pad 2 smd roundrect (at 0.9375 0 270) (size 0.975 1.4) (layers "F.Cu_(top)" F.Paste F.Mask) (roundrect_rratio 0.25)
      (net 4 GND))
    (pad 1 smd roundrect (at -0.9375 0 270) (size 0.975 1.4) (layers "F.Cu_(top)" F.Paste F.Mask) (roundrect_rratio 0.25)
      (net 151 GNDPWR))
    (model ${KISYS3DMOD}/Capacitor_SMD.3dshapes/C_0805_2012Metric.wrl
      (at (xyz 0 0 0))
      (scale (xyz 1 1 1))
      (rotate (xyz 0 0 0))
    )
  )

  (module Capacitor_SMD:C_0805_2012Metric (layer "F.Cu_(top)") (tedit 5B36C52B) (tstamp 5CC48D3C)
    (at 72 144.5625 270)
    (descr "Capacitor SMD 0805 (2012 Metric), square (rectangular) end terminal, IPC_7351 nominal, (Body size source: https://docs.google.com/spreadsheets/d/1BsfQQcO9C6DZCsRaXUlFlo91Tg2WpOkGARC1WS5S8t0/edit?usp=sharing), generated with kicad-footprint-generator")
    (tags capacitor)
    (path /5CB814BD)
    (attr smd)
    (fp_text reference C45 (at 0 -1.65 270) (layer F.SilkS)
      (effects (font (size 1 1) (thickness 0.15)))
    )
    (fp_text value 100n (at 0 1.65 270) (layer F.Fab)
      (effects (font (size 1 1) (thickness 0.15)))
    )
    (fp_line (start -1 0.6) (end -1 -0.6) (layer F.Fab) (width 0.1))
    (fp_line (start -1 -0.6) (end 1 -0.6) (layer F.Fab) (width 0.1))
    (fp_line (start 1 -0.6) (end 1 0.6) (layer F.Fab) (width 0.1))
    (fp_line (start 1 0.6) (end -1 0.6) (layer F.Fab) (width 0.1))
    (fp_line (start -0.258578 -0.71) (end 0.258578 -0.71) (layer F.SilkS) (width 0.12))
    (fp_line (start -0.258578 0.71) (end 0.258578 0.71) (layer F.SilkS) (width 0.12))
    (fp_line (start -1.68 0.95) (end -1.68 -0.95) (layer F.CrtYd) (width 0.05))
    (fp_line (start -1.68 -0.95) (end 1.68 -0.95) (layer F.CrtYd) (width 0.05))
    (fp_line (start 1.68 -0.95) (end 1.68 0.95) (layer F.CrtYd) (width 0.05))
    (fp_line (start 1.68 0.95) (end -1.68 0.95) (layer F.CrtYd) (width 0.05))
    (fp_text user %R (at 0 0 270) (layer F.Fab)
      (effects (font (size 0.5 0.5) (thickness 0.08)))
    )
    (pad 1 smd roundrect (at -0.9375 0 270) (size 0.975 1.4) (layers "F.Cu_(top)" F.Paste F.Mask) (roundrect_rratio 0.25)
      (net 151 GNDPWR))
    (pad 2 smd roundrect (at 0.9375 0 270) (size 0.975 1.4) (layers "F.Cu_(top)" F.Paste F.Mask) (roundrect_rratio 0.25)
      (net 4 GND))
    (model ${KISYS3DMOD}/Capacitor_SMD.3dshapes/C_0805_2012Metric.wrl
      (at (xyz 0 0 0))
      (scale (xyz 1 1 1))
      (rotate (xyz 0 0 0))
    )
  )

  (module Jumper:SolderJumper-3_P1.3mm_Bridged12_RoundedPad1.0x1.5mm (layer "F.Cu_(top)") (tedit 5CB586BD) (tstamp 5CC34578)
    (at 82.9 164.2 180)
    (descr "SMD Solder 3-pad Jumper, 1x1.5mm rounded Pads, 0.3mm gap, pads 1-2 bridged with 1 copper strip")
    (tags "solder jumper open")
    (path /5CB8C74E)
    (attr virtual)
    (fp_text reference JP3 (at 3 0.53 225) (layer F.SilkS)
      (effects (font (size 1 1) (thickness 0.15)))
    )
    (fp_text value SolderJumper_3_Bridged12 (at 0 1.9 180) (layer F.Fab)
      (effects (font (size 1 1) (thickness 0.15)))
    )
    (fp_line (start -1.2 1.2) (end -0.9 1.5) (layer F.SilkS) (width 0.12))
    (fp_line (start -1.5 1.5) (end -0.9 1.5) (layer F.SilkS) (width 0.12))
    (fp_line (start -1.2 1.2) (end -1.5 1.5) (layer F.SilkS) (width 0.12))
    (fp_line (start -2.05 0.3) (end -2.05 -0.3) (layer F.SilkS) (width 0.12))
    (fp_line (start 1.4 1) (end -1.4 1) (layer F.SilkS) (width 0.12))
    (fp_line (start 2.05 -0.3) (end 2.05 0.3) (layer F.SilkS) (width 0.12))
    (fp_line (start -1.4 -1) (end 1.4 -1) (layer F.SilkS) (width 0.12))
    (fp_line (start -2.3 -1.25) (end 2.3 -1.25) (layer F.CrtYd) (width 0.05))
    (fp_line (start -2.3 -1.25) (end -2.3 1.25) (layer F.CrtYd) (width 0.05))
    (fp_line (start 2.3 1.25) (end 2.3 -1.25) (layer F.CrtYd) (width 0.05))
    (fp_line (start 2.3 1.25) (end -2.3 1.25) (layer F.CrtYd) (width 0.05))
    (fp_arc (start 1.35 -0.3) (end 2.05 -0.3) (angle -90) (layer F.SilkS) (width 0.12))
    (fp_arc (start 1.35 0.3) (end 1.35 1) (angle -90) (layer F.SilkS) (width 0.12))
    (fp_arc (start -1.35 0.3) (end -2.05 0.3) (angle -90) (layer F.SilkS) (width 0.12))
    (fp_arc (start -1.35 -0.3) (end -1.35 -1) (angle -90) (layer F.SilkS) (width 0.12))
    (pad 1 smd custom (at -1.3 0 180) (size 1 0.5) (layers "F.Cu_(top)" F.Mask)
      (net 159 "A(enc)") (zone_connect 0)
      (options (clearance outline) (anchor rect))
      (primitives
        (gr_circle (center 0 0.25) (end 0.5 0.25) (width 0))
        (gr_circle (center 0 -0.25) (end 0.5 -0.25) (width 0))
        (gr_poly (pts
           (xy 0.55 -0.75) (xy 0 -0.75) (xy 0 0.75) (xy 0.55 0.75)) (width 0))
        (gr_poly (pts
           (xy 0.4 -0.3) (xy 0.9 -0.3) (xy 0.9 0.3) (xy 0.4 0.3)) (width 0))
      ))
    (pad 3 smd custom (at 1.3 0 180) (size 1 0.5) (layers "F.Cu_(top)" F.Mask)
      (net 164 /Filters/HALL1_OUT) (zone_connect 0)
      (options (clearance outline) (anchor rect))
      (primitives
        (gr_circle (center 0 0.25) (end 0.5 0.25) (width 0))
        (gr_circle (center 0 -0.25) (end 0.5 -0.25) (width 0))
        (gr_poly (pts
           (xy -0.55 -0.75) (xy 0 -0.75) (xy 0 0.75) (xy -0.55 0.75)) (width 0))
      ))
    (pad 2 smd rect (at 0 0 180) (size 1 1.5) (layers "F.Cu_(top)" F.Mask)
      (net 169 /MCU/HALL_1))
  )

  (module Jumper:SolderJumper-3_P1.3mm_Bridged12_RoundedPad1.0x1.5mm (layer "F.Cu_(top)") (tedit 5CB586D9) (tstamp 5CC31F28)
    (at 82.9 168.6 180)
    (descr "SMD Solder 3-pad Jumper, 1x1.5mm rounded Pads, 0.3mm gap, pads 1-2 bridged with 1 copper strip")
    (tags "solder jumper open")
    (path /5CBCA381)
    (attr virtual)
    (fp_text reference JP1 (at 3.21 0.31 225) (layer F.SilkS)
      (effects (font (size 1 1) (thickness 0.15)))
    )
    (fp_text value SolderJumper_3_Bridged12 (at 0 1.9 180) (layer F.Fab)
      (effects (font (size 1 1) (thickness 0.15)))
    )
    (fp_arc (start -1.35 -0.3) (end -1.35 -1) (angle -90) (layer F.SilkS) (width 0.12))
    (fp_arc (start -1.35 0.3) (end -2.05 0.3) (angle -90) (layer F.SilkS) (width 0.12))
    (fp_arc (start 1.35 0.3) (end 1.35 1) (angle -90) (layer F.SilkS) (width 0.12))
    (fp_arc (start 1.35 -0.3) (end 2.05 -0.3) (angle -90) (layer F.SilkS) (width 0.12))
    (fp_line (start 2.3 1.25) (end -2.3 1.25) (layer F.CrtYd) (width 0.05))
    (fp_line (start 2.3 1.25) (end 2.3 -1.25) (layer F.CrtYd) (width 0.05))
    (fp_line (start -2.3 -1.25) (end -2.3 1.25) (layer F.CrtYd) (width 0.05))
    (fp_line (start -2.3 -1.25) (end 2.3 -1.25) (layer F.CrtYd) (width 0.05))
    (fp_line (start -1.4 -1) (end 1.4 -1) (layer F.SilkS) (width 0.12))
    (fp_line (start 2.05 -0.3) (end 2.05 0.3) (layer F.SilkS) (width 0.12))
    (fp_line (start 1.4 1) (end -1.4 1) (layer F.SilkS) (width 0.12))
    (fp_line (start -2.05 0.3) (end -2.05 -0.3) (layer F.SilkS) (width 0.12))
    (fp_line (start -1.2 1.2) (end -1.5 1.5) (layer F.SilkS) (width 0.12))
    (fp_line (start -1.5 1.5) (end -0.9 1.5) (layer F.SilkS) (width 0.12))
    (fp_line (start -1.2 1.2) (end -0.9 1.5) (layer F.SilkS) (width 0.12))
    (pad 2 smd rect (at 0 0 180) (size 1 1.5) (layers "F.Cu_(top)" F.Mask)
      (net 171 /MCU/HALL_3))
    (pad 3 smd custom (at 1.3 0 180) (size 1 0.5) (layers "F.Cu_(top)" F.Mask)
      (net 168 /Filters/HALL3_OUT) (zone_connect 0)
      (options (clearance outline) (anchor rect))
      (primitives
        (gr_circle (center 0 0.25) (end 0.5 0.25) (width 0))
        (gr_circle (center 0 -0.25) (end 0.5 -0.25) (width 0))
        (gr_poly (pts
           (xy -0.55 -0.75) (xy 0 -0.75) (xy 0 0.75) (xy -0.55 0.75)) (width 0))
      ))
    (pad 1 smd custom (at -1.3 0 180) (size 1 0.5) (layers "F.Cu_(top)" F.Mask)
      (net 161 "NM(enc)") (zone_connect 0)
      (options (clearance outline) (anchor rect))
      (primitives
        (gr_circle (center 0 0.25) (end 0.5 0.25) (width 0))
        (gr_circle (center 0 -0.25) (end 0.5 -0.25) (width 0))
        (gr_poly (pts
           (xy 0.55 -0.75) (xy 0 -0.75) (xy 0 0.75) (xy 0.55 0.75)) (width 0))
        (gr_poly (pts
           (xy 0.4 -0.3) (xy 0.9 -0.3) (xy 0.9 0.3) (xy 0.4 0.3)) (width 0))
      ))
  )

  (module Jumper:SolderJumper-3_P1.3mm_Bridged12_RoundedPad1.0x1.5mm (layer "F.Cu_(top)") (tedit 5CB586D2) (tstamp 5CC31F12)
    (at 83 166.4 180)
    (descr "SMD Solder 3-pad Jumper, 1x1.5mm rounded Pads, 0.3mm gap, pads 1-2 bridged with 1 copper strip")
    (tags "solder jumper open")
    (path /5CBC521D)
    (attr virtual)
    (fp_text reference JP2 (at 3.23 0.29 225) (layer F.SilkS)
      (effects (font (size 1 1) (thickness 0.15)))
    )
